Atletikai stadion 07 12 2024
2024-12-07T11:15:01Z 19.058080 47.488329 111.90
2024-12-07T11:15:06Z 19.058025 47.488400 111.90
2024-12-07T11:15:11Z 19.058073 47.488465 111.90
2024-12-07T11:15:27Z 19.058112 47.488516 111.90
2024-12-07T11:15:46Z 19.058150 47.488568 111.90
2024-12-07T11:16:04Z 19.058188 47.488620 112.00
2024-12-07T11:16:09Z 19.058301 47.488527 111.70
2024-12-07T11:16:14Z 19.058416 47.488428 111.50
2024-12-07T11:16:19Z 19.058491 47.488457 111.50
2024-12-07T11:16:24Z 19.058492 47.488377 111.50
2024-12-07T11:16:29Z 19.058457 47.488263 111.40
2024-12-07T11:16:36Z 19.058391 47.488246 111.40
2024-12-07T11:16:41Z 19.058312 47.488220 111.30
2024-12-07T11:16:46Z 19.058237 47.488224 111.30
2024-12-07T11:16:51Z 19.058217 47.488170 111.20
2024-12-07T11:16:56Z 19.058017 47.488120 111.20
2024-12-07T11:17:01Z 19.057891 47.488089 111.30
2024-12-07T11:17:06Z 19.057841 47.488045 111.50
2024-12-07T11:17:11Z 19.057688 47.487999 111.70
2024-12-07T11:17:16Z 19.057596 47.487854 112.10
2024-12-07T11:17:23Z 19.057528 47.487809 112.30
2024-12-07T11:17:28Z 19.057460 47.487874 112.20
2024-12-07T11:17:34Z 19.057527 47.487868 112.30
2024-12-07T11:17:39Z 19.057479 47.487734 111.20
2024-12-07T11:17:44Z 19.057404 47.487523 111.20
2024-12-07T11:17:49Z 19.057303 47.487284 111.70
2024-12-07T11:17:54Z 19.057198 47.487113 112.00
2024-12-07T11:17:59Z 19.057054 47.487038 112.30
2024-12-07T11:18:04Z 19.056940 47.486950 112.50
2024-12-07T11:18:09Z 19.056872 47.486829 112.50
2024-12-07T11:18:14Z 19.056905 47.486770 111.50
2024-12-07T11:18:19Z 19.056962 47.486698 111.10
2024-12-07T11:18:24Z 19.057025 47.486633 110.70
2024-12-07T11:18:29Z 19.057110 47.486556 110.30
2024-12-07T11:18:34Z 19.057182 47.486434 109.80
2024-12-07T11:18:39Z 19.057281 47.486381 109.50
2024-12-07T11:18:44Z 19.057423 47.486298 109.20
2024-12-07T11:18:49Z 19.057549 47.486171 108.90
2024-12-07T11:18:54Z 19.057642 47.486076 108.60
2024-12-07T11:18:59Z 19.057741 47.485995 108.30
2024-12-07T11:19:04Z 19.057793 47.485847 108.00
2024-12-07T11:19:09Z 19.057958 47.485774 107.90
2024-12-07T11:19:14Z 19.058062 47.485688 107.70
2024-12-07T11:19:19Z 19.058167 47.485578 107.60
2024-12-07T11:19:24Z 19.058269 47.485455 107.50
2024-12-07T11:19:29Z 19.058371 47.485337 107.40
2024-12-07T11:19:34Z 19.058470 47.485247 107.20
2024-12-07T11:19:39Z 19.058564 47.485139 107.00
2024-12-07T11:19:44Z 19.058657 47.485030 106.80
2024-12-07T11:19:49Z 19.058794 47.484946 106.60
2024-12-07T11:19:54Z 19.058934 47.484863 106.40
2024-12-07T11:19:59Z 19.059080 47.484811 106.20
2024-12-07T11:20:04Z 19.059217 47.484742 106.00
2024-12-07T11:20:09Z 19.059317 47.484677 105.90
2024-12-07T11:20:16Z 19.059386 47.484666 105.90
2024-12-07T11:21:11Z 19.059446 47.484690 105.50
2024-12-07T11:21:21Z 19.059516 47.484663 105.50
2024-12-07T11:21:26Z 19.059654 47.484596 105.40
2024-12-07T11:21:31Z 19.059753 47.484566 105.40
2024-12-07T11:21:36Z 19.059792 47.484504 105.40
2024-12-07T11:21:41Z 19.059800 47.484390 105.40
2024-12-07T11:21:46Z 19.059894 47.484216 105.20
2024-12-07T11:21:51Z 19.059980 47.484008 105.20
2024-12-07T11:21:56Z 19.060073 47.483866 105.20
2024-12-07T11:22:01Z 19.060169 47.483744 105.20
2024-12-07T11:22:06Z 19.060275 47.483643 105.20
2024-12-07T11:22:11Z 19.060442 47.483568 105.20
2024-12-07T11:22:16Z 19.060596 47.483473 105.20
2024-12-07T11:22:21Z 19.060715 47.483445 105.10
2024-12-07T11:22:26Z 19.060845 47.483362 105.10
2024-12-07T11:22:31Z 19.061000 47.483275 105.10
2024-12-07T11:22:36Z 19.061124 47.483183 105.10
2024-12-07T11:22:41Z 19.061265 47.483139 105.10
2024-12-07T11:22:46Z 19.061316 47.483045 105.10
2024-12-07T11:22:51Z 19.061412 47.482988 105.10
2024-12-07T11:22:56Z 19.061524 47.482962 105.10
2024-12-07T11:23:01Z 19.061652 47.482827 105.00
2024-12-07T11:23:06Z 19.061769 47.482707 105.00
2024-12-07T11:23:11Z 19.061903 47.482600 104.90
2024-12-07T11:23:16Z 19.062002 47.482535 104.80
2024-12-07T11:23:21Z 19.062133 47.482454 104.70
2024-12-07T11:23:26Z 19.062281 47.482389 104.70
2024-12-07T11:23:31Z 19.062391 47.482274 104.70
2024-12-07T11:23:36Z 19.062510 47.482218 104.70
2024-12-07T11:23:41Z 19.062627 47.482134 104.70
2024-12-07T11:23:46Z 19.062752 47.482033 104.70
2024-12-07T11:23:51Z 19.062924 47.481986 104.70
2024-12-07T11:23:56Z 19.063036 47.481923 104.70
2024-12-07T11:24:01Z 19.063140 47.481833 104.70
2024-12-07T11:24:06Z 19.063256 47.481771 104.70
2024-12-07T11:24:11Z 19.063383 47.481720 104.70
2024-12-07T11:24:16Z 19.063451 47.481566 104.70
2024-12-07T11:24:21Z 19.063594 47.481464 104.70
2024-12-07T11:24:26Z 19.063741 47.481397 104.60
2024-12-07T11:24:31Z 19.063843 47.481324 104.60
2024-12-07T11:24:36Z 19.063961 47.481237 104.60
2024-12-07T11:24:41Z 19.064035 47.481147 104.60
2024-12-07T11:24:46Z 19.064161 47.481069 104.60
2024-12-07T11:24:51Z 19.064275 47.480964 104.60
2024-12-07T11:24:56Z 19.064361 47.480898 104.60
2024-12-07T11:25:01Z 19.064467 47.480825 104.60
2024-12-07T11:25:06Z 19.064599 47.480716 104.60
2024-12-07T11:25:11Z 19.064721 47.480617 104.60
2024-12-07T11:25:16Z 19.064852 47.480504 104.60
2024-12-07T11:25:21Z 19.064977 47.480434 104.70
2024-12-07T11:25:26Z 19.065112 47.480366 104.70
2024-12-07T11:25:31Z 19.065246 47.480296 104.70
2024-12-07T11:25:36Z 19.065367 47.480177 104.80
2024-12-07T11:25:41Z 19.065484 47.480081 105.00
2024-12-07T11:25:46Z 19.065615 47.480030 105.30
2024-12-07T11:25:51Z 19.065700 47.479798 104.70
2024-12-07T11:25:56Z 19.065762 47.479667 104.70
2024-12-07T11:26:02Z 19.065782 47.479620 104.70
2024-12-07T11:26:07Z 19.065850 47.479533 104.70
2024-12-07T11:26:12Z 19.065933 47.479449 104.70
2024-12-07T11:26:17Z 19.066034 47.479346 104.70
2024-12-07T11:26:22Z 19.066109 47.479241 104.70
2024-12-07T11:26:27Z 19.066206 47.479131 104.70
2024-12-07T11:26:32Z 19.066289 47.479047 104.70
2024-12-07T11:26:37Z 19.066381 47.478948 104.70
2024-12-07T11:26:42Z 19.066477 47.478862 104.70
2024-12-07T11:26:47Z 19.066556 47.478775 104.70
2024-12-07T11:26:52Z 19.066624 47.478687 104.60
2024-12-07T11:26:57Z 19.066723 47.478579 104.60
2024-12-07T11:27:02Z 19.066788 47.478506 104.60
2024-12-07T11:27:07Z 19.066869 47.478414 104.60
2024-12-07T11:27:12Z 19.066964 47.478356 104.60
2024-12-07T11:27:17Z 19.067058 47.478242 104.60
2024-12-07T11:27:22Z 19.067137 47.478116 104.50
2024-12-07T11:27:27Z 19.067209 47.478048 104.50
2024-12-07T11:27:32Z 19.067261 47.477927 104.50
2024-12-07T11:27:37Z 19.067320 47.477791 104.60
2024-12-07T11:27:42Z 19.067389 47.477683 104.60
2024-12-07T11:27:47Z 19.067457 47.477582 104.70
2024-12-07T11:27:52Z 19.067556 47.477483 104.70
2024-12-07T11:27:57Z 19.067578 47.477395 104.70
2024-12-07T11:28:02Z 19.067621 47.477291 104.70
2024-12-07T11:28:07Z 19.067682 47.477219 104.70
2024-12-07T11:28:12Z 19.067721 47.477124 104.70
2024-12-07T11:28:18Z 19.067787 47.477082 104.80
2024-12-07T11:28:23Z 19.067830 47.477007 104.80
2024-12-07T11:28:28Z 19.067892 47.476867 104.80
2024-12-07T11:28:33Z 19.067920 47.476742 104.90
2024-12-07T11:28:38Z 19.067992 47.476589 104.90
2024-12-07T11:28:43Z 19.068047 47.476491 104.90
2024-12-07T11:28:48Z 19.068061 47.476399 104.90
2024-12-07T11:28:53Z 19.068099 47.476290 104.90
2024-12-07T11:28:58Z 19.068145 47.476147 104.80
2024-12-07T11:29:03Z 19.068202 47.476064 104.70
2024-12-07T11:29:08Z 19.068230 47.475973 104.70
2024-12-07T11:29:13Z 19.068286 47.475860 104.70
2024-12-07T11:29:18Z 19.068326 47.475773 104.60
2024-12-07T11:29:23Z 19.068393 47.475648 104.60
2024-12-07T11:29:28Z 19.068453 47.475554 104.50
2024-12-07T11:29:33Z 19.068520 47.475455 104.50
2024-12-07T11:29:38Z 19.068561 47.475365 104.60
2024-12-07T11:29:43Z 19.068651 47.475240 104.60
2024-12-07T11:29:48Z 19.068678 47.475112 104.60
2024-12-07T11:29:53Z 19.068734 47.475006 104.60
2024-12-07T11:29:58Z 19.068773 47.474893 104.60
2024-12-07T11:30:03Z 19.068834 47.474787 104.60
2024-12-07T11:30:08Z 19.068891 47.474681 104.50
2024-12-07T11:30:13Z 19.068948 47.474591 104.50
2024-12-07T11:30:18Z 19.068952 47.474453 104.60
2024-12-07T11:30:23Z 19.068985 47.474311 104.60
2024-12-07T11:30:28Z 19.069016 47.474218 104.70
2024-12-07T11:30:33Z 19.069063 47.474098 104.70
2024-12-07T11:30:38Z 19.069085 47.474000 104.70
2024-12-07T11:30:43Z 19.069124 47.473887 104.70
2024-12-07T11:30:48Z 19.069169 47.473777 104.70
2024-12-07T11:30:53Z 19.069231 47.473660 104.70
2024-12-07T11:30:58Z 19.069227 47.473538 104.80
2024-12-07T11:31:03Z 19.069273 47.473427 104.80
2024-12-07T11:31:08Z 19.069356 47.473307 104.80
2024-12-07T11:31:13Z 19.069360 47.473165 104.70
2024-12-07T11:31:19Z 19.069436 47.473016 104.70
2024-12-07T11:31:24Z 19.069466 47.472879 104.70
2024-12-07T11:31:29Z 19.069505 47.472761 104.60
2024-12-07T11:31:34Z 19.069494 47.472611 104.60
2024-12-07T11:31:39Z 19.069534 47.472445 104.60
2024-12-07T11:31:44Z 19.069565 47.472314 104.60
2024-12-07T11:31:49Z 19.069619 47.472202 104.60
2024-12-07T11:31:54Z 19.069663 47.472056 104.60
2024-12-07T11:31:59Z 19.069680 47.471997 104.60
2024-12-07T11:32:04Z 19.069683 47.471864 104.70
2024-12-07T11:32:09Z 19.069704 47.471702 104.70
2024-12-07T11:32:15Z 19.069733 47.471627 104.70
2024-12-07T11:32:20Z 19.069749 47.471469 104.60
2024-12-07T11:32:25Z 19.069775 47.471363 104.60
2024-12-07T11:32:30Z 19.069775 47.471222 104.70
2024-12-07T11:32:35Z 19.069786 47.471093 104.70
2024-12-07T11:32:40Z 19.069805 47.470987 104.70
2024-12-07T11:32:45Z 19.069817 47.470923 104.70
2024-12-07T11:32:52Z 19.069841 47.470875 104.70
2024-12-07T11:32:57Z 19.069848 47.470819 104.70
2024-12-07T11:33:02Z 19.069884 47.470772 104.60
2024-12-07T11:33:07Z 19.069877 47.470645 104.60
2024-12-07T11:33:12Z 19.069921 47.470494 104.60
2024-12-07T11:33:18Z 19.069959 47.470367 104.60
2024-12-07T11:33:23Z 19.069945 47.470258 104.60
2024-12-07T11:33:28Z 19.069947 47.470086 104.60
2024-12-07T11:33:33Z 19.069930 47.469919 104.60
2024-12-07T11:33:38Z 19.069936 47.469767 104.60
2024-12-07T11:33:43Z 19.069945 47.469646 104.60
2024-12-07T11:33:48Z 19.069970 47.469601 104.60
2024-12-07T11:33:53Z 19.069980 47.469464 104.70
2024-12-07T11:33:58Z 19.069997 47.469353 104.70
2024-12-07T11:34:03Z 19.069974 47.469236 104.60
2024-12-07T11:34:26Z 19.070005 47.469190 104.60
2024-12-07T11:34:31Z 19.070033 47.469124 104.60
2024-12-07T11:34:36Z 19.070055 47.468994 104.70
2024-12-07T11:34:41Z 19.070006 47.468949 104.80
2024-12-07T11:34:48Z 19.070080 47.468937 104.80
2024-12-07T11:34:53Z 19.070258 47.468971 104.90
2024-12-07T11:34:58Z 19.070333 47.469061 104.70
2024-12-07T11:35:03Z 19.070271 47.469097 104.50
2024-12-07T11:35:10Z 19.070190 47.469101 104.50
2024-12-07T11:35:15Z 19.070181 47.469046 104.70
2024-12-07T11:35:20Z 19.070184 47.468933 104.90
2024-12-07T11:35:25Z 19.070173 47.468837 104.90
2024-12-07T11:35:30Z 19.070256 47.468690 105.00
2024-12-07T11:35:35Z 19.070318 47.468552 105.10
2024-12-07T11:35:40Z 19.070308 47.468384 105.10
2024-12-07T11:35:45Z 19.070326 47.468302 105.10
2024-12-07T11:35:51Z 19.070362 47.468239 105.00
2024-12-07T11:35:56Z 19.070359 47.468087 105.00
2024-12-07T11:36:01Z 19.070390 47.467977 105.00
2024-12-07T11:36:06Z 19.070439 47.467810 104.90
2024-12-07T11:36:11Z 19.070459 47.467706 104.80
2024-12-07T11:36:16Z 19.070528 47.467552 104.70
2024-12-07T11:36:21Z 19.070560 47.467377 104.60
2024-12-07T11:36:26Z 19.070613 47.467229 104.50
2024-12-07T11:36:31Z 19.070701 47.467107 104.50
2024-12-07T11:36:36Z 19.070761 47.466973 104.40
2024-12-07T11:36:41Z 19.070870 47.466876 104.30
2024-12-07T11:36:46Z 19.070945 47.466734 104.20
2024-12-07T11:36:51Z 19.070972 47.466641 104.10
2024-12-07T11:36:56Z 19.071027 47.466598 104.10
2024-12-07T11:37:01Z 19.071060 47.466514 104.00
2024-12-07T11:37:06Z 19.071141 47.466438 104.00
2024-12-07T11:37:11Z 19.071246 47.466350 103.90
2024-12-07T11:37:16Z 19.071351 47.466260 103.80
2024-12-07T11:37:21Z 19.071449 47.466146 103.70
2024-12-07T11:37:26Z 19.071563 47.466043 103.40
2024-12-07T11:37:31Z 19.071676 47.465934 102.80
2024-12-07T11:37:36Z 19.071786 47.465800 102.00
2024-12-07T11:37:41Z 19.071854 47.465657 101.30
2024-12-07T11:37:46Z 19.071884 47.465555 100.80
2024-12-07T11:37:51Z 19.071803 47.465411 100.40
2024-12-07T11:37:56Z 19.071855 47.465267 100.40
2024-12-07T11:38:01Z 19.071705 47.465193 100.90
2024-12-07T11:38:06Z 19.071618 47.465075 101.00
2024-12-07T11:38:11Z 19.071546 47.464970 101.00
2024-12-07T11:38:16Z 19.071529 47.464881 100.80
2024-12-07T11:38:21Z 19.071524 47.464786 100.60
2024-12-07T11:38:26Z 19.071516 47.464680 100.40
2024-12-07T11:38:31Z 19.071495 47.464529 100.10
2024-12-07T11:38:36Z 19.071441 47.464400 100.10
2024-12-07T11:38:41Z 19.071380 47.464293 100.00
2024-12-07T11:38:46Z 19.071360 47.464235 100.10
2024-12-07T11:38:51Z 19.071311 47.464178 100.10
2024-12-07T11:38:56Z 19.071290 47.464133 100.00
2024-12-07T11:39:01Z 19.071238 47.464089 100.10
2024-12-07T11:39:06Z 19.071215 47.464042 100.20
2024-12-07T11:39:12Z 19.071169 47.463985 100.20
2024-12-07T11:39:17Z 19.071136 47.463945 100.30
2024-12-07T11:39:34Z 19.071060 47.463940 100.50
2024-12-07T11:39:40Z 19.070982 47.463939 100.60
2024-12-07T11:39:50Z 19.070939 47.463900 100.60
2024-12-07T11:40:00Z 19.070871 47.463886 100.80
2024-12-07T11:40:13Z 19.070812 47.463911 100.90
2024-12-07T11:40:18Z 19.070761 47.463943 101.10
2024-12-07T11:40:23Z 19.070630 47.464017 101.40
2024-12-07T11:40:28Z 19.070511 47.464070 101.70
2024-12-07T11:40:33Z 19.070349 47.464111 102.00
2024-12-07T11:40:38Z 19.070204 47.464144 102.10
2024-12-07T11:40:43Z 19.070081 47.464131 102.10
2024-12-07T11:40:48Z 19.069926 47.464071 101.80
2024-12-07T11:40:53Z 19.069741 47.464021 101.60
2024-12-07T11:40:58Z 19.069614 47.463977 101.50
2024-12-07T11:41:03Z 19.069441 47.463920 101.20
2024-12-07T11:41:08Z 19.069285 47.463840 101.00
2024-12-07T11:41:13Z 19.069161 47.463762 100.80
2024-12-07T11:41:18Z 19.069057 47.463687 100.70
2024-12-07T11:41:23Z 19.068978 47.463630 100.70
2024-12-07T11:41:28Z 19.068872 47.463489 101.00
2024-12-07T11:41:33Z 19.068788 47.463364 101.10
2024-12-07T11:41:38Z 19.068736 47.463260 101.20
2024-12-07T11:41:43Z 19.068698 47.463133 101.30
2024-12-07T11:41:48Z 19.068701 47.463044 101.40
2024-12-07T11:41:53Z 19.068704 47.462923 101.50
2024-12-07T11:41:58Z 19.068745 47.462775 101.50
2024-12-07T11:42:03Z 19.068814 47.462670 101.50
2024-12-07T11:42:08Z 19.068880 47.462580 101.50
2024-12-07T11:42:13Z 19.068954 47.462498 101.40
2024-12-07T11:42:18Z 19.069052 47.462377 101.30
2024-12-07T11:42:23Z 19.069084 47.462277 101.20
2024-12-07T11:42:28Z 19.069171 47.462144 100.90
2024-12-07T11:42:33Z 19.069264 47.462100 100.90
2024-12-07T11:42:38Z 19.069388 47.462096 100.90
2024-12-07T11:42:43Z 19.069502 47.462073 100.90
2024-12-07T11:42:48Z 19.069657 47.462120 101.10
2024-12-07T11:42:53Z 19.069774 47.462163 101.30
2024-12-07T11:42:59Z 19.069848 47.462213 101.40
2024-12-07T11:43:04Z 19.069970 47.462306 101.80
2024-12-07T11:43:09Z 19.070056 47.462404 102.00
2024-12-07T11:43:14Z 19.070191 47.462530 102.10
2024-12-07T11:43:19Z 19.070275 47.462644 102.10
2024-12-07T11:43:24Z 19.070338 47.462753 102.00
2024-12-07T11:43:29Z 19.070442 47.462882 101.70
2024-12-07T11:43:34Z 19.070510 47.462987 101.40
2024-12-07T11:43:39Z 19.070603 47.463102 101.20
2024-12-07T11:43:44Z 19.070678 47.463212 101.00
2024-12-07T11:43:49Z 19.070704 47.463302 101.00
2024-12-07T11:43:54Z 19.070725 47.463443 100.90
2024-12-07T11:43:59Z 19.070771 47.463539 100.90
2024-12-07T11:44:04Z 19.070714 47.463689 101.10
2024-12-07T11:44:09Z 19.070628 47.463762 101.30
2024-12-07T11:44:14Z 19.070541 47.463874 101.50
2024-12-07T11:44:19Z 19.070471 47.463959 101.70
2024-12-07T11:44:24Z 19.070411 47.464019 101.90
2024-12-07T11:44:29Z 19.070320 47.464090 102.10
2024-12-07T11:44:34Z 19.070177 47.464129 102.10
2024-12-07T11:44:39Z 19.070024 47.464135 102.00
2024-12-07T11:44:44Z 19.069911 47.464079 101.90
2024-12-07T11:44:49Z 19.069764 47.464017 101.60
2024-12-07T11:44:54Z 19.069581 47.463920 101.40
2024-12-07T11:44:59Z 19.069463 47.463852 101.20
2024-12-07T11:45:04Z 19.069345 47.463778 101.10
2024-12-07T11:45:09Z 19.069245 47.463724 101.00
2024-12-07T11:45:14Z 19.069117 47.463637 100.90
2024-12-07T11:45:19Z 19.069041 47.463577 100.90
2024-12-07T11:45:24Z 19.068918 47.463497 100.90
2024-12-07T11:45:29Z 19.068824 47.463380 101.20
2024-12-07T11:45:34Z 19.068726 47.463266 101.20
2024-12-07T11:45:39Z 19.068678 47.463155 101.30
2024-12-07T11:45:44Z 19.068649 47.463048 101.40
2024-12-07T11:45:49Z 19.068676 47.462943 101.50
2024-12-07T11:45:54Z 19.068704 47.462876 101.60
2024-12-07T11:45:59Z 19.068732 47.462747 101.60
2024-12-07T11:46:04Z 19.068831 47.462589 101.50
2024-12-07T11:46:09Z 19.068964 47.462495 101.50
2024-12-07T11:46:14Z 19.069091 47.462420 101.40
2024-12-07T11:46:19Z 19.069150 47.462325 101.30
2024-12-07T11:46:24Z 19.069199 47.462266 101.20
2024-12-07T11:46:29Z 19.069289 47.462203 101.10
2024-12-07T11:46:34Z 19.069375 47.462136 101.00
2024-12-07T11:46:39Z 19.069463 47.462142 101.10
2024-12-07T11:46:44Z 19.069547 47.462153 101.10
2024-12-07T11:46:49Z 19.069728 47.462222 101.40
2024-12-07T11:46:54Z 19.069813 47.462268 101.60
2024-12-07T11:46:59Z 19.069882 47.462323 101.80
2024-12-07T11:47:04Z 19.070033 47.462429 102.00
2024-12-07T11:47:09Z 19.070197 47.462539 102.20
2024-12-07T11:47:14Z 19.070286 47.462650 102.10
2024-12-07T11:47:19Z 19.070335 47.462775 101.90
2024-12-07T11:47:24Z 19.070389 47.462850 101.80
2024-12-07T11:47:29Z 19.070454 47.462965 101.60
2024-12-07T11:47:34Z 19.070508 47.463075 101.40
2024-12-07T11:47:39Z 19.070537 47.463156 101.30
2024-12-07T11:47:44Z 19.070590 47.463265 101.20
2024-12-07T11:47:49Z 19.070603 47.463347 101.10
2024-12-07T11:47:54Z 19.070593 47.463472 101.10
2024-12-07T11:47:59Z 19.070586 47.463578 101.30
2024-12-07T11:48:04Z 19.070590 47.463697 101.30
2024-12-07T11:48:09Z 19.070530 47.463774 101.50
2024-12-07T11:48:14Z 19.070479 47.463868 101.70
2024-12-07T11:48:19Z 19.070440 47.463949 101.80
2024-12-07T11:48:24Z 19.070304 47.464024 102.10
2024-12-07T11:48:29Z 19.070186 47.464105 102.20
2024-12-07T11:48:34Z 19.070065 47.464108 102.10
2024-12-07T11:48:39Z 19.069862 47.464077 101.80
2024-12-07T11:48:44Z 19.069699 47.464040 101.70
2024-12-07T11:48:49Z 19.069510 47.463963 101.40
2024-12-07T11:48:54Z 19.069359 47.463880 101.10
2024-12-07T11:48:59Z 19.069241 47.463811 101.00
2024-12-07T11:49:04Z 19.069080 47.463720 100.80
2024-12-07T11:49:09Z 19.068930 47.463628 100.80
2024-12-07T11:49:14Z 19.068851 47.463538 100.90
2024-12-07T11:49:19Z 19.068790 47.463458 101.10
2024-12-07T11:49:24Z 19.068730 47.463360 101.10
2024-12-07T11:49:29Z 19.068664 47.463218 101.20
2024-12-07T11:49:34Z 19.068655 47.463082 101.40
2024-12-07T11:49:39Z 19.068667 47.462978 101.50
2024-12-07T11:49:44Z 19.068672 47.462856 101.60
2024-12-07T11:49:49Z 19.068697 47.462706 101.60
2024-12-07T11:49:54Z 19.068753 47.462547 101.50
2024-12-07T11:49:59Z 19.068855 47.462420 101.40
2024-12-07T11:50:04Z 19.068940 47.462297 101.20
2024-12-07T11:50:09Z 19.068966 47.462179 100.90
2024-12-07T11:50:14Z 19.069026 47.462120 100.90
2024-12-07T11:50:19Z 19.069135 47.462100 100.90
2024-12-07T11:50:24Z 19.069315 47.462090 101.00
2024-12-07T11:50:29Z 19.069450 47.462123 101.10
2024-12-07T11:50:34Z 19.069538 47.462184 101.20
2024-12-07T11:50:39Z 19.069718 47.462245 101.50
2024-12-07T11:50:44Z 19.069859 47.462302 101.70
2024-12-07T11:50:49Z 19.070010 47.462367 102.00
2024-12-07T11:50:54Z 19.070123 47.462456 102.10
2024-12-07T11:50:59Z 19.070238 47.462585 102.20
2024-12-07T11:51:04Z 19.070272 47.462685 102.10
2024-12-07T11:51:09Z 19.070327 47.462807 101.90
2024-12-07T11:51:14Z 19.070464 47.462896 101.70
2024-12-07T11:51:19Z 19.070481 47.462956 101.60
2024-12-07T11:51:24Z 19.070511 47.463035 101.40
2024-12-07T11:51:29Z 19.070615 47.463109 101.30
2024-12-07T11:51:34Z 19.070713 47.463187 101.10
2024-12-07T11:51:39Z 19.070775 47.463304 100.90
2024-12-07T11:51:44Z 19.070772 47.463391 100.90
2024-12-07T11:51:50Z 19.070785 47.463437 100.90
2024-12-07T11:51:56Z 19.070780 47.463489 100.90
2024-12-07T11:52:02Z 19.070780 47.463539 100.90
2024-12-07T11:52:07Z 19.070823 47.463574 100.90
2024-12-07T11:52:25Z 19.070841 47.463618 100.90
2024-12-07T11:52:30Z 19.070911 47.463582 100.70
2024-12-07T11:52:50Z 19.070887 47.463534 100.80
2024-12-07T11:53:01Z 19.070881 47.463480 100.80
2024-12-07T11:53:20Z 19.070839 47.463530 100.90
2024-12-07T11:53:25Z 19.070799 47.463603 100.90
2024-12-07T11:53:30Z 19.070753 47.463729 101.10
2024-12-07T11:53:35Z 19.070663 47.463842 101.30
2024-12-07T11:53:40Z 19.070535 47.463938 101.70
2024-12-07T11:53:45Z 19.070365 47.464027 102.10
2024-12-07T11:53:50Z 19.070220 47.464083 102.20
2024-12-07T11:53:55Z 19.070023 47.464120 102.10
2024-12-07T11:54:00Z 19.069826 47.464135 101.90
2024-12-07T11:54:12Z 19.069747 47.464135 101.80
2024-12-07T11:54:17Z 19.069592 47.464141 101.60
2024-12-07T11:54:22Z 19.069459 47.464208 101.30
2024-12-07T11:54:36Z 19.069402 47.464237 101.10
2024-12-07T11:54:43Z 19.069402 47.464190 101.20
2024-12-07T11:54:48Z 19.069431 47.464126 101.20
2024-12-07T11:54:54Z 19.069458 47.464083 101.40
2024-12-07T11:55:00Z 19.069533 47.464074 101.60
2024-12-07T11:55:09Z 19.069599 47.464081 101.60
2024-12-07T11:55:14Z 19.069522 47.464035 101.50
2024-12-07T11:55:19Z 19.069394 47.463970 101.30
2024-12-07T11:55:24Z 19.069321 47.463942 101.10
2024-12-07T11:55:29Z 19.069187 47.463857 100.90
2024-12-07T11:55:34Z 19.069069 47.463732 100.80
2024-12-07T11:55:39Z 19.068981 47.463642 100.80
2024-12-07T11:55:44Z 19.068871 47.463515 101.00
2024-12-07T11:55:49Z 19.068796 47.463390 101.20
2024-12-07T11:55:54Z 19.068752 47.463279 101.40
2024-12-07T11:55:59Z 19.068700 47.463167 101.40
2024-12-07T11:56:04Z 19.068683 47.463000 101.60
2024-12-07T11:56:09Z 19.068661 47.462944 101.60
2024-12-07T11:56:14Z 19.068643 47.462888 101.60
2024-12-07T11:56:20Z 19.068666 47.462843 101.60
2024-12-07T11:56:39Z 19.068619 47.462811 101.60
2024-12-07T11:56:52Z 19.068621 47.462765 101.60
2024-12-07T11:57:16Z 19.068613 47.462713 101.60
2024-12-07T11:57:23Z 19.068581 47.462665 101.60
2024-12-07T11:57:28Z 19.068669 47.462601 101.60
2024-12-07T11:57:33Z 19.068754 47.462508 101.60
2024-12-07T11:57:38Z 19.068887 47.462392 101.40
2024-12-07T11:57:43Z 19.068932 47.462296 101.30
2024-12-07T11:57:50Z 19.069005 47.462254 101.20
2024-12-07T11:57:55Z 19.069077 47.462221 101.20
2024-12-07T11:58:03Z 19.069134 47.462180 101.00
2024-12-07T11:58:13Z 19.069169 47.462128 101.00
2024-12-07T11:58:19Z 19.069240 47.462113 101.00
2024-12-07T11:58:24Z 19.069332 47.462114 101.10
2024-12-07T11:58:30Z 19.069479 47.462135 101.20
2024-12-07T11:58:35Z 19.069635 47.462198 101.40
2024-12-07T11:58:40Z 19.069766 47.462277 101.70
2024-12-07T11:58:45Z 19.069896 47.462346 101.90
2024-12-07T11:58:50Z 19.070021 47.462436 102.10
2024-12-07T11:58:55Z 19.070131 47.462531 102.20
2024-12-07T11:59:00Z 19.070234 47.462650 102.20
2024-12-07T11:59:05Z 19.070278 47.462769 102.10
2024-12-07T11:59:10Z 19.070316 47.462887 101.90
2024-12-07T11:59:15Z 19.070418 47.463006 101.70
2024-12-07T11:59:20Z 19.070464 47.463121 101.50
2024-12-07T11:59:25Z 19.070501 47.463221 101.40
2024-12-07T11:59:30Z 19.070490 47.463337 101.40
2024-12-07T11:59:35Z 19.070503 47.463474 101.50
2024-12-07T11:59:40Z 19.070445 47.463602 101.60
2024-12-07T11:59:45Z 19.070374 47.463691 101.80
2024-12-07T11:59:50Z 19.070268 47.463800 102.00
2024-12-07T11:59:55Z 19.070175 47.463881 102.20
2024-12-07T12:00:00Z 19.070147 47.463937 102.20
2024-12-07T12:00:05Z 19.070160 47.463995 102.20
2024-12-07T12:00:19Z 19.070086 47.464018 102.20
2024-12-07T12:00:24Z 19.070021 47.464044 102.10
2024-12-07T12:00:30Z 19.069957 47.464076 102.00
2024-12-07T12:00:36Z 19.069884 47.464049 101.90
2024-12-07T12:00:41Z 19.069729 47.464028 101.80
2024-12-07T12:00:46Z 19.069565 47.463970 101.60
2024-12-07T12:00:51Z 19.069413 47.463917 101.30
2024-12-07T12:00:56Z 19.069226 47.463861 101.00
2024-12-07T12:01:01Z 19.069133 47.463786 100.90
2024-12-07T12:01:06Z 19.069009 47.463684 100.80
2024-12-07T12:01:11Z 19.068913 47.463583 100.90
2024-12-07T12:01:16Z 19.068826 47.463469 101.10
2024-12-07T12:01:21Z 19.068770 47.463347 101.30
2024-12-07T12:01:26Z 19.068720 47.463182 101.40
2024-12-07T12:01:31Z 19.068694 47.463045 101.50
2024-12-07T12:01:36Z 19.068697 47.462915 101.70
2024-12-07T12:01:41Z 19.068711 47.462794 101.70
2024-12-07T12:01:46Z 19.068737 47.462666 101.70
2024-12-07T12:01:51Z 19.068787 47.462572 101.70
2024-12-07T12:01:56Z 19.068854 47.462451 101.60
2024-12-07T12:02:01Z 19.068939 47.462362 101.40
2024-12-07T12:02:06Z 19.069009 47.462268 101.30
2024-12-07T12:02:11Z 19.069113 47.462219 101.20
2024-12-07T12:02:16Z 19.069246 47.462167 101.10
2024-12-07T12:02:21Z 19.069324 47.462142 101.10
2024-12-07T12:02:26Z 19.069407 47.462161 101.20
2024-12-07T12:02:31Z 19.069532 47.462169 101.30
2024-12-07T12:02:36Z 19.069675 47.462199 101.50
2024-12-07T12:02:42Z 19.069775 47.462248 101.70
2024-12-07T12:02:47Z 19.069881 47.462318 101.90
2024-12-07T12:02:52Z 19.069990 47.462398 102.10
2024-12-07T12:02:57Z 19.070150 47.462483 102.20
2024-12-07T12:03:02Z 19.070221 47.462561 102.30
2024-12-07T12:03:07Z 19.070310 47.462667 102.20
2024-12-07T12:03:12Z 19.070413 47.462752 102.10
2024-12-07T12:03:17Z 19.070552 47.462843 101.80
2024-12-07T12:03:22Z 19.070631 47.462946 101.60
2024-12-07T12:03:27Z 19.070699 47.463062 101.30
2024-12-07T12:03:32Z 19.070758 47.463183 101.20
2024-12-07T12:03:37Z 19.070797 47.463289 101.10
2024-12-07T12:03:42Z 19.070828 47.463357 101.00
2024-12-07T12:03:47Z 19.070811 47.463418 101.00
2024-12-07T12:03:52Z 19.070858 47.463475 100.90
2024-12-07T12:03:57Z 19.070993 47.463515 100.70
2024-12-07T12:04:02Z 19.071084 47.463558 100.60
2024-12-07T12:04:10Z 19.071154 47.463562 100.50
2024-12-07T12:04:18Z 19.071189 47.463605 100.50
2024-12-07T12:04:24Z 19.071162 47.463651 100.40
2024-12-07T12:04:29Z 19.071123 47.463724 100.50
2024-12-07T12:04:34Z 19.071134 47.463787 100.50
2024-12-07T12:04:39Z 19.071148 47.463872 100.50
2024-12-07T12:04:44Z 19.071176 47.463937 100.40
2024-12-07T12:04:49Z 19.071205 47.464014 100.30
2024-12-07T12:04:54Z 19.071224 47.464125 100.40
2024-12-07T12:04:59Z 19.071265 47.464253 100.50
2024-12-07T12:05:04Z 19.071296 47.464377 100.50
2024-12-07T12:05:09Z 19.071360 47.464496 100.60
2024-12-07T12:05:14Z 19.071478 47.464624 100.60
2024-12-07T12:05:19Z 19.071541 47.464792 100.80
2024-12-07T12:05:24Z 19.071589 47.464913 101.00
2024-12-07T12:05:29Z 19.071666 47.465044 101.00
2024-12-07T12:05:34Z 19.071726 47.465174 100.90
2024-12-07T12:05:39Z 19.071840 47.465257 100.50
2024-12-07T12:05:44Z 19.071848 47.465413 100.40
2024-12-07T12:05:49Z 19.071797 47.465523 100.70
2024-12-07T12:05:54Z 19.071752 47.465637 101.20
2024-12-07T12:05:59Z 19.071720 47.465727 101.70
2024-12-07T12:06:04Z 19.071635 47.465827 102.30
2024-12-07T12:06:09Z 19.071572 47.465919 102.90
2024-12-07T12:06:14Z 19.071504 47.466034 103.60
2024-12-07T12:06:19Z 19.071397 47.466158 104.00
2024-12-07T12:06:24Z 19.071359 47.466256 104.10
2024-12-07T12:06:29Z 19.071349 47.466398 104.20
2024-12-07T12:06:34Z 19.071276 47.466526 104.30
2024-12-07T12:06:39Z 19.071175 47.466630 104.40
2024-12-07T12:06:44Z 19.071095 47.466720 104.50
2024-12-07T12:06:49Z 19.070995 47.466839 104.60
2024-12-07T12:06:54Z 19.070911 47.466947 104.80
2024-12-07T12:06:59Z 19.070841 47.467054 104.90
2024-12-07T12:07:04Z 19.070746 47.467201 105.10
2024-12-07T12:07:09Z 19.070687 47.467307 105.20
2024-12-07T12:07:14Z 19.070642 47.467421 105.30
2024-12-07T12:07:19Z 19.070592 47.467536 105.40
2024-12-07T12:07:24Z 19.070565 47.467652 105.50
2024-12-07T12:07:29Z 19.070539 47.467781 105.50
2024-12-07T12:07:34Z 19.070512 47.467888 105.60
2024-12-07T12:07:39Z 19.070494 47.467996 105.60
2024-12-07T12:07:44Z 19.070470 47.468104 105.40
2024-12-07T12:07:49Z 19.070489 47.468234 105.20
2024-12-07T12:07:54Z 19.070508 47.468341 105.00
2024-12-07T12:07:59Z 19.070467 47.468430 104.90
2024-12-07T12:08:04Z 19.070420 47.468521 104.90
2024-12-07T12:08:09Z 19.070363 47.468557 105.00
2024-12-07T12:08:14Z 19.069995 47.468685 102.00
2024-12-07T12:08:19Z 19.070400 47.468901 105.10
2024-12-07T12:08:24Z 19.070522 47.468902 105.00
2024-12-07T12:08:36Z 19.070445 47.468896 105.00
2024-12-07T12:08:47Z 19.070400 47.468858 105.00
2024-12-07T12:08:53Z 19.070326 47.468840 104.90
2024-12-07T12:09:05Z 19.070276 47.468870 104.90
2024-12-07T12:09:10Z 19.070177 47.468878 104.90
2024-12-07T12:09:15Z 19.070069 47.468930 104.80
2024-12-07T12:09:20Z 19.069994 47.469027 104.70
2024-12-07T12:09:25Z 19.069948 47.469159 104.60
2024-12-07T12:09:30Z 19.069895 47.469302 104.60
2024-12-07T12:09:35Z 19.069879 47.469480 104.70
2024-12-07T12:09:40Z 19.069882 47.469633 104.60
2024-12-07T12:09:45Z 19.069881 47.469776 104.60
2024-12-07T12:09:50Z 19.069872 47.469920 103.70
2024-12-07T12:09:55Z 19.069864 47.470084 103.70
2024-12-07T12:10:00Z 19.069865 47.470233 103.70
2024-12-07T12:10:05Z 19.069859 47.470381 103.70
2024-12-07T12:10:10Z 19.069843 47.470526 103.70
2024-12-07T12:10:15Z 19.069823 47.470651 103.70
2024-12-07T12:10:20Z 19.069798 47.470786 103.70
2024-12-07T12:10:25Z 19.069783 47.470918 103.60
2024-12-07T12:10:30Z 19.069759 47.471054 103.60
2024-12-07T12:10:35Z 19.069727 47.471196 103.60
2024-12-07T12:10:40Z 19.069708 47.471350 103.60
2024-12-07T12:10:45Z 19.069673 47.471494 103.60
2024-12-07T12:10:50Z 19.069652 47.471642 103.50
2024-12-07T12:10:55Z 19.069642 47.471756 103.50
2024-12-07T12:11:00Z 19.069610 47.471881 103.50
2024-12-07T12:11:06Z 19.069577 47.472029 103.50
2024-12-07T12:11:11Z 19.069551 47.472160 103.40
2024-12-07T12:11:16Z 19.069520 47.472289 103.40
2024-12-07T12:11:21Z 19.069498 47.472429 103.40
2024-12-07T12:11:26Z 19.069461 47.472557 103.40
2024-12-07T12:11:31Z 19.069410 47.472673 103.40
2024-12-07T12:11:36Z 19.069374 47.472792 103.40
2024-12-07T12:11:41Z 19.069334 47.472918 103.40
2024-12-07T12:11:46Z 19.069303 47.473043 103.40
2024-12-07T12:11:51Z 19.069248 47.473153 103.40
2024-12-07T12:11:56Z 19.069211 47.473254 103.30
2024-12-07T12:12:01Z 19.069190 47.473365 103.30
2024-12-07T12:12:06Z 19.069181 47.473438 103.30
2024-12-07T12:12:11Z 19.069166 47.473510 103.30
2024-12-07T12:12:18Z 19.069136 47.473559 103.20
2024-12-07T12:12:23Z 19.069091 47.473608 103.20
2024-12-07T12:12:28Z 19.069061 47.473703 103.20
2024-12-07T12:12:33Z 19.069035 47.473850 103.20
2024-12-07T12:12:38Z 19.068994 47.473957 103.20
2024-12-07T12:12:43Z 19.068961 47.474088 103.20
2024-12-07T12:12:48Z 19.068925 47.474209 103.20
2024-12-07T12:12:53Z 19.068858 47.474333 103.20
2024-12-07T12:12:58Z 19.068781 47.474423 103.20
2024-12-07T12:13:03Z 19.068727 47.474558 103.10
2024-12-07T12:13:08Z 19.068696 47.474686 103.10
2024-12-07T12:13:13Z 19.068645 47.474755 103.10
2024-12-07T12:13:18Z 19.068607 47.474856 103.20
2024-12-07T12:13:23Z 19.068556 47.474975 103.20
2024-12-07T12:13:28Z 19.068501 47.475133 103.30
2024-12-07T12:13:33Z 19.068439 47.475246 103.30
2024-12-07T12:13:38Z 19.068388 47.475356 103.30
2024-12-07T12:13:43Z 19.068322 47.475509 103.30
2024-12-07T12:13:48Z 19.068273 47.475635 103.30
2024-12-07T12:13:53Z 19.068199 47.475742 103.30
2024-12-07T12:13:58Z 19.068160 47.475834 103.30
2024-12-07T12:14:03Z 19.068140 47.475943 103.30
2024-12-07T12:14:08Z 19.068098 47.475990 103.30
2024-12-07T12:14:13Z 19.068070 47.476043 103.30
2024-12-07T12:14:20Z 19.068016 47.476090 103.30
2024-12-07T12:14:25Z 19.068005 47.476168 103.30
2024-12-07T12:14:31Z 19.067976 47.476213 103.40
2024-12-07T12:14:36Z 19.067957 47.476288 103.40
2024-12-07T12:14:41Z 19.067933 47.476342 103.40
2024-12-07T12:14:46Z 19.067878 47.476382 103.40
2024-12-07T12:14:51Z 19.067859 47.476463 103.40
2024-12-07T12:14:56Z 19.067793 47.476546 103.40
2024-12-07T12:15:01Z 19.067710 47.476648 103.30
2024-12-07T12:15:06Z 19.067679 47.476776 103.30
2024-12-07T12:15:11Z 19.067626 47.476932 103.30
2024-12-07T12:15:16Z 19.067569 47.477080 103.30
2024-12-07T12:15:21Z 19.067505 47.477171 103.30
2024-12-07T12:15:26Z 19.067416 47.477308 103.20
2024-12-07T12:15:31Z 19.067335 47.477449 103.20
2024-12-07T12:15:36Z 19.067226 47.477614 103.20
2024-12-07T12:15:41Z 19.067150 47.477748 103.10
2024-12-07T12:15:46Z 19.067055 47.477883 103.10
2024-12-07T12:15:51Z 19.066961 47.478020 103.00
2024-12-07T12:15:56Z 19.066848 47.478153 103.00
2024-12-07T12:16:01Z 19.066738 47.478284 103.00
2024-12-07T12:16:06Z 19.066614 47.478403 103.10
2024-12-07T12:16:11Z 19.066524 47.478554 103.10
2024-12-07T12:16:16Z 19.066444 47.478691 103.20
2024-12-07T12:16:21Z 19.066329 47.478828 103.20
2024-12-07T12:16:26Z 19.066281 47.478935 103.20
2024-12-07T12:16:31Z 19.066217 47.479006 103.20
2024-12-07T12:16:36Z 19.066165 47.479045 103.20
2024-12-07T12:16:41Z 19.066112 47.479093 103.20
2024-12-07T12:16:46Z 19.066040 47.479150 103.20
2024-12-07T12:16:51Z 19.065979 47.479191 103.20
2024-12-07T12:16:56Z 19.065931 47.479239 103.20
2024-12-07T12:17:01Z 19.065885 47.479304 103.20
2024-12-07T12:17:06Z 19.065825 47.479367 103.20
2024-12-07T12:17:11Z 19.065755 47.479433 103.20
2024-12-07T12:17:16Z 19.065699 47.479547 103.70
2024-12-07T12:17:21Z 19.065634 47.479662 104.30
2024-12-07T12:17:26Z 19.065575 47.479759 104.70
2024-12-07T12:17:31Z 19.065526 47.479895 104.80
2024-12-07T12:17:36Z 19.065428 47.479991 104.90
2024-12-07T12:17:41Z 19.065285 47.480072 104.80
2024-12-07T12:17:46Z 19.065117 47.480176 104.70
2024-12-07T12:17:51Z 19.065026 47.480264 104.70
2024-12-07T12:17:56Z 19.064871 47.480341 104.70
2024-12-07T12:18:01Z 19.064748 47.480427 104.60
2024-12-07T12:18:06Z 19.064595 47.480505 104.60
2024-12-07T12:18:11Z 19.064443 47.480653 104.60
2024-12-07T12:18:16Z 19.064331 47.480758 104.60
2024-12-07T12:18:21Z 19.064221 47.480863 104.60
2024-12-07T12:18:26Z 19.064092 47.480971 104.60
2024-12-07T12:18:31Z 19.063949 47.481068 104.60
2024-12-07T12:18:36Z 19.063840 47.481176 104.60
2024-12-07T12:18:41Z 19.063699 47.481282 104.60
2024-12-07T12:18:46Z 19.063552 47.481380 104.60
2024-12-07T12:18:51Z 19.063428 47.481484 104.70
2024-12-07T12:18:56Z 19.063295 47.481577 104.70
2024-12-07T12:19:01Z 19.063128 47.481693 104.70
2024-12-07T12:19:06Z 19.062953 47.481834 104.70
2024-12-07T12:19:11Z 19.062786 47.481965 104.70
2024-12-07T12:19:16Z 19.062611 47.482062 104.70
2024-12-07T12:19:21Z 19.062440 47.482154 104.70
2024-12-07T12:19:26Z 19.062261 47.482268 104.70
2024-12-07T12:19:31Z 19.062124 47.482350 104.70
2024-12-07T12:19:36Z 19.061971 47.482434 104.70
2024-12-07T12:19:41Z 19.061855 47.482533 104.80
2024-12-07T12:19:46Z 19.061699 47.482672 105.00
2024-12-07T12:19:51Z 19.061601 47.482762 105.00
2024-12-07T12:19:58Z 19.061532 47.482782 105.00
2024-12-07T12:20:03Z 19.061463 47.482845 105.10
2024-12-07T12:20:08Z 19.061382 47.482897 105.10
2024-12-07T12:20:13Z 19.061318 47.482949 105.10
2024-12-07T12:20:18Z 19.061249 47.482989 105.10
2024-12-07T12:20:23Z 19.061181 47.483049 105.10
2024-12-07T12:20:28Z 19.061043 47.483125 105.10
2024-12-07T12:20:33Z 19.060883 47.483218 105.10
2024-12-07T12:20:38Z 19.060723 47.483328 105.10
2024-12-07T12:20:43Z 19.060578 47.483456 105.20
2024-12-07T12:20:48Z 19.060409 47.483555 105.20
2024-12-07T12:20:53Z 19.060246 47.483672 105.20
2024-12-07T12:20:58Z 19.060098 47.483778 105.20
2024-12-07T12:21:03Z 19.059953 47.483849 105.20
2024-12-07T12:21:08Z 19.059835 47.483950 105.20
2024-12-07T12:21:13Z 19.059767 47.484088 105.20
2024-12-07T12:21:18Z 19.059717 47.484181 105.20
2024-12-07T12:21:23Z 19.059676 47.484335 105.40
2024-12-07T12:21:28Z 19.059577 47.484467 105.40
2024-12-07T12:21:33Z 19.059442 47.484561 105.40
2024-12-07T12:21:38Z 19.059315 47.484652 105.60
2024-12-07T12:21:43Z 19.059202 47.484708 105.60
2024-12-07T12:21:48Z 19.059086 47.484759 105.80
2024-12-07T12:21:53Z 19.059031 47.484808 105.80
2024-12-07T12:21:59Z 19.058967 47.484845 106.00
2024-12-07T12:22:04Z 19.058898 47.484852 106.10
2024-12-07T12:22:09Z 19.058812 47.484911 106.20
2024-12-07T12:22:14Z 19.058726 47.484978 106.40
2024-12-07T12:22:19Z 19.058612 47.485051 106.60
2024-12-07T12:22:24Z 19.058468 47.485169 106.80
2024-12-07T12:22:29Z 19.058348 47.485273 106.90
2024-12-07T12:22:34Z 19.058209 47.485388 107.00
2024-12-07T12:22:39Z 19.058053 47.485482 107.10
2024-12-07T12:22:44Z 19.057964 47.485571 107.10
2024-12-07T12:22:49Z 19.057823 47.485686 107.20
2024-12-07T12:22:54Z 19.057722 47.485802 107.30
2024-12-07T12:22:59Z 19.057590 47.485921 107.40
2024-12-07T12:23:04Z 19.057472 47.486057 107.60
2024-12-07T12:23:09Z 19.057354 47.486145 108.50
2024-12-07T12:23:14Z 19.057234 47.486277 109.40
2024-12-07T12:23:19Z 19.057087 47.486373 109.80
2024-12-07T12:23:24Z 19.056990 47.486487 110.20
2024-12-07T12:23:29Z 19.056917 47.486544 110.50
2024-12-07T12:23:38Z 19.056871 47.486578 110.70
2024-12-07T12:23:49Z 19.056806 47.486607 110.90
2024-12-07T12:23:54Z 19.056688 47.486723 111.30
2024-12-07T12:23:59Z 19.056606 47.486826 111.30
2024-12-07T12:24:04Z 19.056490 47.486913 111.00
2024-12-07T12:24:09Z 19.056376 47.487028 110.50
2024-12-07T12:24:14Z 19.056264 47.487124 109.80
2024-12-07T12:24:19Z 19.056126 47.487256 109.10
2024-12-07T12:24:24Z 19.056009 47.487351 108.60
2024-12-07T12:24:29Z 19.055893 47.487449 108.20
2024-12-07T12:24:34Z 19.055774 47.487548 107.80
2024-12-07T12:24:39Z 19.055649 47.487630 107.50
2024-12-07T12:24:44Z 19.055575 47.487676 107.40
2024-12-07T12:24:49Z 19.055526 47.487742 107.20
2024-12-07T12:25:01Z 19.055492 47.487795 107.10
2024-12-07T12:25:06Z 19.055538 47.487930 107.20
2024-12-07T12:25:11Z 19.055652 47.487990 107.30
2024-12-07T12:25:16Z 19.055722 47.488046 107.40
2024-12-07T12:25:21Z 19.055789 47.488213 107.50
2024-12-07T12:25:26Z 19.055706 47.488345 107.40
2024-12-07T12:25:31Z 19.055749 47.488388 107.40
2024-12-07T12:25:36Z 19.055698 47.488458 107.40
2024-12-07T12:25:41Z 19.055741 47.488553 107.30
2024-12-07T12:25:47Z 19.055733 47.488631 107.30
2024-12-07T12:25:52Z 19.055726 47.488692 107.30
2024-12-07T12:25:57Z 19.055881 47.488865 107.30
2024-12-07T12:26:02Z 19.055728 47.488947 107.40
2024-12-07T12:26:07Z 19.055550 47.488980 107.40
2024-12-07T12:26:12Z 19.055472 47.489082 107.40
2024-12-07T12:26:17Z 19.055191 47.489368 107.50
