Balaton eszaki part, Tihany 03 02 2024
2024-02-03T10:56:15Z 17.6701320 46.9250390 220.4
2024-02-03T10:56:20Z 17.6701800 46.9251350 220.5
2024-02-03T10:56:25Z 17.6701490 46.9252570 220.6
2024-02-03T10:56:30Z 17.6701500 46.9253190 220.7
2024-02-03T10:56:35Z 17.6700810 46.9253470 220.7
2024-02-03T10:56:40Z 17.6701270 46.9254460 220.8
2024-02-03T10:56:45Z 17.6701150 46.9254440 220.7
2024-02-03T10:56:50Z 17.6699260 46.9253330 219.9
2024-02-03T10:56:55Z 17.6698100 46.9252530 219.3
2024-02-03T10:57:00Z 17.6699500 46.9251470 219.0
2024-02-03T10:57:05Z 17.6701080 46.9249520 218.4
2024-02-03T10:57:10Z 17.6702080 46.9247590 217.9
2024-02-03T10:57:15Z 17.6701450 46.9247360 217.6
2024-02-03T10:57:20Z 17.6701970 46.9247750 217.5
2024-02-03T10:57:25Z 17.6702010 46.9247740 217.5
2024-02-03T10:57:57Z 17.6702830 46.9247990 217.3
2024-02-03T10:58:02Z 17.6704840 46.9242970 216.2
2024-02-03T10:58:07Z 17.6705820 46.9241700 215.9
2024-02-03T10:58:12Z 17.6706780 46.9240750 215.6
2024-02-03T10:58:18Z 17.6708530 46.9238920 215.2
2024-02-03T10:58:23Z 17.6710510 46.9236930 214.7
2024-02-03T10:58:28Z 17.6712420 46.9235010 213.9
2024-02-03T10:58:33Z 17.6711920 46.9234720 213.9
2024-02-03T10:58:38Z 17.6711250 46.9235200 214.2
2024-02-03T10:58:43Z 17.6710640 46.9235620 214.4
2024-02-03T10:58:49Z 17.6710100 46.9235980 214.6
2024-02-03T10:58:54Z 17.6710100 46.9236110 214.7
2024-02-03T10:58:59Z 17.6710230 46.9236180 214.7
2024-02-03T10:59:04Z 17.6710300 46.9236190 214.7
2024-02-03T10:59:22Z 17.6720600 46.9233910 214.7
2024-02-03T10:59:27Z 17.6724900 46.9234650 214.7
2024-02-03T10:59:32Z 17.6725230 46.9234870 214.7
2024-02-03T10:59:37Z 17.6722940 46.9235390 214.7
2024-02-03T10:59:42Z 17.6718810 46.9235930 214.7
2024-02-03T10:59:47Z 17.6718440 46.9235970 214.7
2024-02-03T10:59:52Z 17.6718420 46.9235950 214.7
2024-02-03T10:59:57Z 17.6718410 46.9235940 214.7
2024-02-03T11:00:02Z 17.6718390 46.9235930 214.7
2024-02-03T11:00:07Z 17.6717260 46.9236030 214.7
2024-02-03T11:00:12Z 17.6714800 46.9236090 214.7
2024-02-03T11:00:17Z 17.6716610 46.9237650 214.7
2024-02-03T11:00:22Z 17.6716580 46.9237220 214.7
2024-02-03T11:00:27Z 17.6715860 46.9236780 214.7
2024-02-03T11:00:32Z 17.6714570 46.9236570 214.7
2024-02-03T11:00:37Z 17.6713940 46.9236510 214.7
2024-02-03T11:00:42Z 17.6713080 46.9236180 214.7
2024-02-03T11:00:47Z 17.6712480 46.9236010 214.7
2024-02-03T11:00:52Z 17.6713940 46.9233700 214.2
2024-02-03T11:00:57Z 17.6713710 46.9232730 214.0
2024-02-03T11:01:02Z 17.6713260 46.9232340 213.9
2024-02-03T11:01:07Z 17.6712360 46.9232830 213.7
2024-02-03T11:01:12Z 17.6710770 46.9234750 213.3
2024-02-03T11:01:17Z 17.6709450 46.9232880 212.7
2024-02-03T11:04:50Z 17.6707830 46.9230010 211.9
2024-02-03T11:04:55Z 17.6707680 46.9227820 211.0
2024-02-03T11:05:00Z 17.6708350 46.9228010 210.8
2024-02-03T11:05:13Z 17.6707870 46.9228300 211.5
2024-02-03T11:05:18Z 17.6709210 46.9229870 212.3
2024-02-03T11:05:24Z 17.6710100 46.9233890 213.8
2024-02-03T11:05:29Z 17.6710620 46.9241220 215.5
2024-02-03T11:05:46Z 17.6710660 46.9236050 214.4
2024-02-03T11:05:51Z 17.6710660 46.9235550 214.2
2024-02-03T11:05:56Z 17.6710660 46.9235540 214.2
2024-02-03T11:06:24Z 17.6711040 46.9235380 214.1
2024-02-03T11:06:29Z 17.6712140 46.9232660 212.7
2024-02-03T11:06:34Z 17.6714290 46.9229610 210.4
2024-02-03T11:06:39Z 17.6716970 46.9226330 208.0
2024-02-03T11:06:44Z 17.6719830 46.9222710 206.5
2024-02-03T11:06:49Z 17.6722740 46.9218930 205.3
2024-02-03T11:06:54Z 17.6725540 46.9214670 204.1
2024-02-03T11:06:59Z 17.6728310 46.9210590 203.4
2024-02-03T11:07:04Z 17.6730920 46.9206820 203.8
2024-02-03T11:07:09Z 17.6733380 46.9203340 205.0
2024-02-03T11:07:14Z 17.6735600 46.9200420 206.4
2024-02-03T11:07:19Z 17.6737740 46.9197690 207.6
2024-02-03T11:07:24Z 17.6739720 46.9195020 208.6
2024-02-03T11:07:29Z 17.6741780 46.9192560 209.5
2024-02-03T11:07:34Z 17.6743580 46.9190270 210.5
2024-02-03T11:07:39Z 17.6745130 46.9188380 211.3
2024-02-03T11:07:44Z 17.6746660 46.9186530 211.9
2024-02-03T11:07:49Z 17.6748190 46.9184580 212.3
2024-02-03T11:07:54Z 17.6749820 46.9182710 212.4
2024-02-03T11:07:59Z 17.6751500 46.9180740 212.4
2024-02-03T11:08:04Z 17.6753590 46.9178520 212.4
2024-02-03T11:08:09Z 17.6755520 46.9176310 212.6
2024-02-03T11:08:14Z 17.6757310 46.9174560 213.1
2024-02-03T11:08:19Z 17.6758740 46.9172670 213.9
2024-02-03T11:08:24Z 17.6760200 46.9171250 214.5
2024-02-03T11:08:30Z 17.6762030 46.9169300 215.3
2024-02-03T11:08:35Z 17.6763590 46.9167560 215.7
2024-02-03T11:08:40Z 17.6765130 46.9165990 215.9
2024-02-03T11:08:45Z 17.6767170 46.9164190 215.7
2024-02-03T11:08:50Z 17.6769710 46.9162420 215.4
2024-02-03T11:08:55Z 17.6772650 46.9160930 215.2
2024-02-03T11:09:00Z 17.6775190 46.9158950 214.8
2024-02-03T11:09:05Z 17.6776120 46.9155170 213.1
2024-02-03T11:09:10Z 17.6774580 46.9151150 211.3
2024-02-03T11:09:15Z 17.6770500 46.9148260 211.1
2024-02-03T11:09:20Z 17.6765880 46.9147120 211.8
2024-02-03T11:09:25Z 17.6761830 46.9146410 212.4
2024-02-03T11:09:30Z 17.6758190 46.9145750 212.6
2024-02-03T11:09:35Z 17.6754510 46.9144900 212.4
2024-02-03T11:09:40Z 17.6750650 46.9143800 212.0
2024-02-03T11:09:45Z 17.6746560 46.9142760 211.4
2024-02-03T11:09:50Z 17.6742380 46.9141950 210.7
2024-02-03T11:09:55Z 17.6739380 46.9139330 209.8
2024-02-03T11:10:00Z 17.6738810 46.9135950 209.2
2024-02-03T11:10:05Z 17.6739160 46.9133310 209.1
2024-02-03T11:10:10Z 17.6739390 46.9131690 209.1
2024-02-03T11:10:15Z 17.6740380 46.9131100 209.0
2024-02-03T11:10:20Z 17.6741640 46.9130920 209.0
2024-02-03T11:11:35Z 17.6742650 46.9130770 209.0
2024-02-03T11:11:40Z 17.6743560 46.9130650 208.9
2024-02-03T11:11:45Z 17.6743090 46.9130770 208.9
2024-02-03T11:12:07Z 17.6743560 46.9130620 208.9
2024-02-03T11:12:12Z 17.6744770 46.9130400 208.8
2024-02-03T11:12:17Z 17.6742860 46.9130540 208.7
2024-02-03T11:12:55Z 17.6741580 46.9130610 208.6
2024-02-03T11:13:00Z 17.6740750 46.9128300 208.2
2024-02-03T11:13:05Z 17.6741990 46.9124570 207.8
2024-02-03T11:13:10Z 17.6744240 46.9120410 207.4
2024-02-03T11:13:15Z 17.6746680 46.9116160 207.4
2024-02-03T11:13:20Z 17.6748160 46.9111950 207.6
2024-02-03T11:13:25Z 17.6749180 46.9107530 207.7
2024-02-03T11:13:30Z 17.6749720 46.9103490 207.5
2024-02-03T11:13:35Z 17.6750540 46.9099070 206.6
2024-02-03T11:13:40Z 17.6751120 46.9094370 204.5
2024-02-03T11:13:45Z 17.6751840 46.9089120 200.9
2024-02-03T11:13:50Z 17.6752550 46.9083830 197.9
2024-02-03T11:13:55Z 17.6753250 46.9078210 195.3
2024-02-03T11:14:00Z 17.6754110 46.9072080 192.4
2024-02-03T11:14:05Z 17.6756220 46.9066330 189.9
2024-02-03T11:14:10Z 17.6760210 46.9060920 188.6
2024-02-03T11:14:15Z 17.6764180 46.9055830 187.6
2024-02-03T11:14:20Z 17.6768410 46.9051360 185.8
2024-02-03T11:14:25Z 17.6774530 46.9047530 182.8
2024-02-03T11:14:30Z 17.6781710 46.9044160 178.7
2024-02-03T11:14:35Z 17.6789040 46.9041000 175.7
2024-02-03T11:14:40Z 17.6795940 46.9038430 174.0
2024-02-03T11:14:45Z 17.6801570 46.9035510 172.6
2024-02-03T11:14:50Z 17.6802710 46.9032120 172.1
2024-02-03T11:14:55Z 17.6801650 46.9028800 170.7
2024-02-03T11:15:00Z 17.6797490 46.9025450 169.0
2024-02-03T11:15:05Z 17.6795350 46.9022380 168.9
2024-02-03T11:15:10Z 17.6798800 46.9019960 168.7
2024-02-03T11:15:15Z 17.6803860 46.9018560 168.5
2024-02-03T11:15:20Z 17.6806470 46.9014970 168.4
2024-02-03T11:15:26Z 17.6807460 46.9009480 168.7
2024-02-03T11:15:31Z 17.6807380 46.9004840 168.7
2024-02-03T11:15:36Z 17.6807420 46.8999610 168.4
2024-02-03T11:15:41Z 17.6807140 46.8994480 168.2
2024-02-03T11:15:46Z 17.6804820 46.8989600 168.1
2024-02-03T11:15:51Z 17.6801100 46.8984940 167.9
2024-02-03T11:15:56Z 17.6797380 46.8980570 168.1
2024-02-03T11:16:01Z 17.6793670 46.8976300 169.0
2024-02-03T11:16:06Z 17.6789950 46.8972170 169.9
2024-02-03T11:16:11Z 17.6786470 46.8967890 170.2
2024-02-03T11:16:16Z 17.6782790 46.8963600 170.4
2024-02-03T11:16:21Z 17.6779220 46.8959380 170.3
2024-02-03T11:16:26Z 17.6776980 46.8954720 170.4
2024-02-03T11:16:31Z 17.6776390 46.8949710 169.7
2024-02-03T11:16:36Z 17.6775520 46.8944390 168.0
2024-02-03T11:16:41Z 17.6774250 46.8938660 165.6
2024-02-03T11:16:46Z 17.6773080 46.8932950 163.2
2024-02-03T11:16:51Z 17.6771870 46.8928190 161.3
2024-02-03T11:16:56Z 17.6767340 46.8924110 159.5
2024-02-03T11:17:01Z 17.6760500 46.8921310 159.0
2024-02-03T11:17:06Z 17.6753310 46.8919400 158.7
2024-02-03T11:17:11Z 17.6746620 46.8917370 159.0
2024-02-03T11:17:16Z 17.6740480 46.8915240 159.6
2024-02-03T11:17:21Z 17.6735510 46.8912590 160.9
2024-02-03T11:17:26Z 17.6731930 46.8909310 161.8
2024-02-03T11:17:31Z 17.6728840 46.8905950 162.6
2024-02-03T11:17:36Z 17.6725510 46.8902940 162.6
2024-02-03T11:17:41Z 17.6720750 46.8900510 162.6
2024-02-03T11:17:46Z 17.6716090 46.8898520 163.0
2024-02-03T11:17:51Z 17.6711860 46.8896820 163.9
2024-02-03T11:17:56Z 17.6708260 46.8895360 164.9
2024-02-03T11:18:01Z 17.6704330 46.8893840 166.1
2024-02-03T11:18:06Z 17.6700880 46.8892410 167.4
2024-02-03T11:18:11Z 17.6697930 46.8890460 168.5
2024-02-03T11:18:16Z 17.6696030 46.8887850 169.3
2024-02-03T11:18:21Z 17.6695490 46.8884720 169.8
2024-02-03T11:18:26Z 17.6696180 46.8881570 169.6
2024-02-03T11:18:31Z 17.6698140 46.8878790 168.6
2024-02-03T11:18:36Z 17.6700840 46.8875810 167.2
2024-02-03T11:18:41Z 17.6703970 46.8872330 165.5
2024-02-03T11:18:46Z 17.6707390 46.8868310 163.9
2024-02-03T11:18:51Z 17.6711190 46.8863890 162.9
2024-02-03T11:18:56Z 17.6715170 46.8858720 162.8
2024-02-03T11:19:01Z 17.6719510 46.8853470 163.7
2024-02-03T11:19:06Z 17.6723620 46.8848900 164.6
2024-02-03T11:19:11Z 17.6727350 46.8844420 164.5
2024-02-03T11:19:16Z 17.6731150 46.8839760 164.1
2024-02-03T11:19:21Z 17.6734590 46.8835500 163.1
2024-02-03T11:19:26Z 17.6738120 46.8831180 161.1
2024-02-03T11:19:31Z 17.6741980 46.8826950 157.6
2024-02-03T11:19:36Z 17.6745560 46.8822470 153.8
2024-02-03T11:19:41Z 17.6748570 46.8818020 149.3
2024-02-03T11:19:46Z 17.6750860 46.8814130 147.5
2024-02-03T11:19:51Z 17.6752100 46.8811640 147.0
2024-02-03T11:19:56Z 17.6752330 46.8811040 146.9
2024-02-03T11:20:01Z 17.6752380 46.8810960 146.9
2024-02-03T11:20:06Z 17.6752660 46.8810400 146.9
2024-02-03T11:20:11Z 17.6753310 46.8808790 146.9
2024-02-03T11:20:16Z 17.6750250 46.8807050 147.1
2024-02-03T11:20:21Z 17.6746260 46.8804850 147.4
2024-02-03T11:20:26Z 17.6743430 46.8801970 148.1
2024-02-03T11:20:31Z 17.6741170 46.8799690 149.1
2024-02-03T11:20:36Z 17.6739320 46.8798040 149.9
2024-02-03T11:20:41Z 17.6737620 46.8796670 150.6
2024-02-03T11:20:46Z 17.6735370 46.8795240 151.8
2024-02-03T11:20:51Z 17.6733570 46.8793820 152.7
2024-02-03T11:20:56Z 17.6732010 46.8792310 153.4
2024-02-03T11:21:01Z 17.6734090 46.8789890 150.9
2024-02-03T11:21:06Z 17.6737680 46.8786340 147.1
2024-02-03T11:21:11Z 17.6742030 46.8782240 143.4
2024-02-03T11:21:16Z 17.6746720 46.8777910 140.5
2024-02-03T11:21:21Z 17.6751230 46.8774060 138.5
2024-02-03T11:21:26Z 17.6756470 46.8770660 136.8
2024-02-03T11:21:31Z 17.6761690 46.8767540 135.5
2024-02-03T11:21:36Z 17.6766740 46.8764580 134.2
2024-02-03T11:21:41Z 17.6772140 46.8761750 132.7
2024-02-03T11:21:46Z 17.6777950 46.8758380 129.8
2024-02-03T11:21:51Z 17.6783990 46.8754940 127.8
2024-02-03T11:21:56Z 17.6790130 46.8751210 126.6
2024-02-03T11:22:01Z 17.6795770 46.8747940 125.6
2024-02-03T11:22:06Z 17.6801030 46.8745020 123.7
2024-02-03T11:22:11Z 17.6806420 46.8741850 121.5
2024-02-03T11:22:16Z 17.6811390 46.8738990 119.5
2024-02-03T11:22:21Z 17.6816110 46.8736300 118.4
2024-02-03T11:22:26Z 17.6820550 46.8733910 117.6
2024-02-03T11:22:31Z 17.6824510 46.8731630 117.2
2024-02-03T11:22:36Z 17.6827480 46.8729990 117.0
2024-02-03T11:22:41Z 17.6830080 46.8728440 117.1
2024-02-03T11:22:46Z 17.6832080 46.8727290 117.3
2024-02-03T11:22:51Z 17.6832910 46.8726740 117.4
2024-02-03T11:22:56Z 17.6833640 46.8725880 117.4
2024-02-03T11:23:01Z 17.6835580 46.8725460 117.2
2024-02-03T11:23:06Z 17.6838450 46.8723880 116.8
2024-02-03T11:23:11Z 17.6841450 46.8722190 116.5
2024-02-03T11:23:16Z 17.6844450 46.8720230 115.7
2024-02-03T11:23:21Z 17.6847600 46.8718250 114.7
2024-02-03T11:23:26Z 17.6851390 46.8716120 112.9
2024-02-03T11:23:31Z 17.6855540 46.8713960 111.6
2024-02-03T11:23:36Z 17.6858650 46.8712230 111.1
2024-02-03T11:23:41Z 17.6862210 46.8712050 110.7
2024-02-03T11:23:46Z 17.6865220 46.8714350 110.3
2024-02-03T11:23:51Z 17.6868510 46.8716710 110.0
2024-02-03T11:23:56Z 17.6871180 46.8718790 109.9
2024-02-03T11:24:01Z 17.6873250 46.8720320 110.0
2024-02-03T11:24:06Z 17.6875170 46.8721690 110.3
2024-02-03T11:24:11Z 17.6877820 46.8723650 111.0
2024-02-03T11:24:16Z 17.6879960 46.8725170 111.3
2024-02-03T11:24:21Z 17.6881860 46.8726450 111.3
2024-02-03T11:24:26Z 17.6883940 46.8728300 111.2
2024-02-03T11:24:31Z 17.6886440 46.8730280 111.1
2024-02-03T11:24:36Z 17.6889050 46.8731940 111.0
2024-02-03T11:24:41Z 17.6891570 46.8733800 110.8
2024-02-03T11:24:46Z 17.6894310 46.8735460 110.5
2024-02-03T11:24:51Z 17.6896860 46.8737100 110.3
2024-02-03T11:24:56Z 17.6899210 46.8738860 110.0
2024-02-03T11:25:01Z 17.6901890 46.8740750 109.9
2024-02-03T11:25:06Z 17.6904510 46.8742560 109.9
2024-02-03T11:25:11Z 17.6906540 46.8744590 110.2
2024-02-03T11:25:16Z 17.6908340 46.8746310 110.5
2024-02-03T11:25:21Z 17.6909920 46.8748250 111.0
2024-02-03T11:25:26Z 17.6911840 46.8749960 111.4
2024-02-03T11:25:31Z 17.6913830 46.8751510 111.7
2024-02-03T11:25:36Z 17.6915960 46.8752830 112.0
2024-02-03T11:25:41Z 17.6918140 46.8754200 112.2
2024-02-03T11:25:46Z 17.6920690 46.8755240 112.3
2024-02-03T11:25:51Z 17.6923190 46.8756350 112.3
2024-02-03T11:25:56Z 17.6925870 46.8757420 112.0
2024-02-03T11:26:01Z 17.6928960 46.8758530 111.8
2024-02-03T11:26:06Z 17.6932130 46.8759210 111.7
2024-02-03T11:26:11Z 17.6935260 46.8759990 111.7
2024-02-03T11:26:16Z 17.6938690 46.8760890 111.4
2024-02-03T11:26:21Z 17.6942380 46.8761510 111.1
2024-02-03T11:26:26Z 17.6946250 46.8762070 111.1
2024-02-03T11:26:31Z 17.6949860 46.8762780 111.0
2024-02-03T11:26:36Z 17.6953170 46.8763320 111.0
2024-02-03T11:26:41Z 17.6956740 46.8763900 111.1
2024-02-03T11:26:46Z 17.6960360 46.8764550 111.3
2024-02-03T11:26:51Z 17.6964080 46.8765360 111.5
2024-02-03T11:26:56Z 17.6967650 46.8765980 111.7
2024-02-03T11:27:01Z 17.6970530 46.8766410 112.2
2024-02-03T11:27:06Z 17.6973440 46.8766790 112.9
2024-02-03T11:27:11Z 17.6976000 46.8767160 113.7
2024-02-03T11:27:16Z 17.6977190 46.8768540 114.1
2024-02-03T11:27:21Z 17.6976780 46.8770510 114.5
2024-02-03T11:27:26Z 17.6975040 46.8772790 115.5
2024-02-03T11:27:31Z 17.6973460 46.8775120 116.7
2024-02-03T11:27:36Z 17.6971980 46.8777500 117.7
2024-02-03T11:27:41Z 17.6970640 46.8779810 118.6
2024-02-03T11:27:46Z 17.6969120 46.8782000 119.5
2024-02-03T11:27:51Z 17.6967520 46.8784090 120.4
2024-02-03T11:27:56Z 17.6966320 46.8786400 121.4
2024-02-03T11:28:01Z 17.6965000 46.8788470 122.6
2024-02-03T11:28:06Z 17.6963600 46.8790400 123.8
2024-02-03T11:28:11Z 17.6962250 46.8792380 124.9
2024-02-03T11:28:17Z 17.6961210 46.8793830 125.7
2024-02-03T11:28:22Z 17.6960080 46.8795470 126.5
2024-02-03T11:28:27Z 17.6958830 46.8796940 127.3
2024-02-03T11:28:32Z 17.6957830 46.8798530 128.0
2024-02-03T11:28:37Z 17.6957080 46.8800120 128.7
2024-02-03T11:28:42Z 17.6956260 46.8801380 129.2
2024-02-03T11:28:47Z 17.6955130 46.8802610 129.8
2024-02-03T11:28:52Z 17.6954710 46.8803380 130.1
2024-02-03T11:28:57Z 17.6954670 46.8803370 130.1
2024-02-03T11:29:02Z 17.6954700 46.8803430 130.1
2024-02-03T11:29:51Z 17.6954860 46.8804470 130.4
2024-02-03T11:29:56Z 17.6953680 46.8805710 130.8
2024-02-03T11:30:01Z 17.6954950 46.8806390 130.7
2024-02-03T11:30:06Z 17.6957140 46.8806880 130.6
2024-02-03T11:30:11Z 17.6960400 46.8807610 130.8
2024-02-03T11:30:16Z 17.6963650 46.8808180 130.8
2024-02-03T11:30:21Z 17.6967020 46.8808620 131.0
2024-02-03T11:30:27Z 17.6970570 46.8808890 131.2
2024-02-03T11:30:32Z 17.6973470 46.8809050 131.4
2024-02-03T11:30:37Z 17.6976470 46.8809040 131.5
2024-02-03T11:30:42Z 17.6979460 46.8808980 131.7
2024-02-03T11:30:47Z 17.6982190 46.8808800 131.8
2024-02-03T11:30:52Z 17.6985000 46.8808580 131.9
2024-02-03T11:30:57Z 17.6988640 46.8808150 132.0
2024-02-03T11:31:02Z 17.6992240 46.8807980 132.0
2024-02-03T11:31:07Z 17.6995770 46.8807500 132.0
2024-02-03T11:31:12Z 17.6999330 46.8807180 132.0
2024-02-03T11:31:17Z 17.7003640 46.8806680 132.0
2024-02-03T11:31:22Z 17.7007590 46.8806280 132.1
2024-02-03T11:31:27Z 17.7011450 46.8805980 132.1
2024-02-03T11:31:32Z 17.7015370 46.8805690 132.1
2024-02-03T11:31:37Z 17.7018990 46.8805340 132.0
2024-02-03T11:31:42Z 17.7022980 46.8804950 131.5
2024-02-03T11:31:47Z 17.7026870 46.8804590 130.8
2024-02-03T11:31:52Z 17.7031030 46.8803960 130.2
2024-02-03T11:31:57Z 17.7035240 46.8803440 129.9
2024-02-03T11:32:02Z 17.7038110 46.8803180 129.9
2024-02-03T11:32:07Z 17.7039120 46.8804550 129.8
2024-02-03T11:32:12Z 17.7041370 46.8804590 129.6
2024-02-03T11:32:18Z 17.7045330 46.8804220 129.3
2024-02-03T11:32:23Z 17.7048740 46.8803880 128.9
2024-02-03T11:32:28Z 17.7053110 46.8803490 128.3
2024-02-03T11:32:33Z 17.7057180 46.8803070 126.9
2024-02-03T11:32:38Z 17.7062430 46.8802210 125.2
2024-02-03T11:32:43Z 17.7067890 46.8802390 124.4
2024-02-03T11:32:48Z 17.7071450 46.8802380 124.3
2024-02-03T11:32:53Z 17.7074390 46.8802640 124.1
2024-02-03T11:32:58Z 17.7078550 46.8802960 123.9
2024-02-03T11:33:03Z 17.7081370 46.8803540 123.7
2024-02-03T11:33:08Z 17.7084000 46.8805020 124.3
2024-02-03T11:33:13Z 17.7086810 46.8805930 124.3
2024-02-03T11:33:18Z 17.7090770 46.8806820 123.3
2024-02-03T11:33:23Z 17.7094910 46.8807970 121.5
2024-02-03T11:33:28Z 17.7098800 46.8809340 119.9
2024-02-03T11:33:33Z 17.7102850 46.8810260 119.5
2024-02-03T11:33:38Z 17.7107330 46.8811770 118.5
2024-02-03T11:33:43Z 17.7111050 46.8813160 118.1
2024-02-03T11:33:48Z 17.7115010 46.8814710 117.5
2024-02-03T11:33:53Z 17.7119300 46.8816230 116.8
2024-02-03T11:33:58Z 17.7123760 46.8817710 116.4
2024-02-03T11:34:03Z 17.7128330 46.8818870 115.9
2024-02-03T11:34:08Z 17.7132410 46.8819630 115.7
2024-02-03T11:34:13Z 17.7136140 46.8820140 115.4
2024-02-03T11:34:18Z 17.7140090 46.8820660 115.0
2024-02-03T11:34:23Z 17.7144430 46.8821290 114.6
2024-02-03T11:34:28Z 17.7148840 46.8821760 114.4
2024-02-03T11:34:33Z 17.7153170 46.8822270 114.1
2024-02-03T11:34:38Z 17.7157900 46.8822980 113.8
2024-02-03T11:34:43Z 17.7162730 46.8823610 113.6
2024-02-03T11:34:48Z 17.7167030 46.8824120 113.3
2024-02-03T11:34:53Z 17.7172090 46.8824540 113.2
2024-02-03T11:34:58Z 17.7176810 46.8824240 113.0
2024-02-03T11:35:03Z 17.7181620 46.8823550 112.5
2024-02-03T11:35:08Z 17.7186230 46.8822390 112.3
2024-02-03T11:35:13Z 17.7190330 46.8820870 112.3
2024-02-03T11:35:18Z 17.7194320 46.8818800 112.1
2024-02-03T11:35:23Z 17.7198030 46.8816710 111.7
2024-02-03T11:35:28Z 17.7201960 46.8814660 111.4
2024-02-03T11:35:33Z 17.7206160 46.8812750 111.2
2024-02-03T11:35:38Z 17.7210550 46.8810970 111.3
2024-02-03T11:35:43Z 17.7215180 46.8809720 111.4
2024-02-03T11:35:48Z 17.7219830 46.8808980 111.5
2024-02-03T11:35:53Z 17.7224440 46.8808410 111.7
2024-02-03T11:35:58Z 17.7228780 46.8808410 111.8
2024-02-03T11:36:03Z 17.7232980 46.8808700 111.6
2024-02-03T11:36:08Z 17.7237460 46.8809220 111.6
2024-02-03T11:36:13Z 17.7241880 46.8809780 111.8
2024-02-03T11:36:18Z 17.7245690 46.8810160 111.9
2024-02-03T11:36:23Z 17.7249650 46.8810520 112.5
2024-02-03T11:36:28Z 17.7253130 46.8810920 112.9
2024-02-03T11:36:33Z 17.7257170 46.8811440 113.7
2024-02-03T11:36:38Z 17.7260650 46.8811840 114.6
2024-02-03T11:36:43Z 17.7263730 46.8812200 115.2
2024-02-03T11:36:48Z 17.7267320 46.8812500 115.4
2024-02-03T11:36:53Z 17.7270710 46.8812800 115.4
2024-02-03T11:36:58Z 17.7274700 46.8813180 115.0
2024-02-03T11:37:03Z 17.7278830 46.8813630 114.4
2024-02-03T11:37:08Z 17.7283270 46.8814120 113.7
2024-02-03T11:37:13Z 17.7287560 46.8814730 112.9
2024-02-03T11:37:18Z 17.7292090 46.8815110 111.9
2024-02-03T11:37:23Z 17.7296310 46.8815580 111.5
2024-02-03T11:37:28Z 17.7300790 46.8816090 111.8
2024-02-03T11:37:33Z 17.7304930 46.8816620 112.7
2024-02-03T11:37:38Z 17.7308670 46.8816880 113.2
2024-02-03T11:37:43Z 17.7312290 46.8817280 113.7
2024-02-03T11:37:48Z 17.7315670 46.8817630 114.1
2024-02-03T11:37:53Z 17.7319220 46.8817930 114.1
2024-02-03T11:37:58Z 17.7323140 46.8818310 113.9
2024-02-03T11:38:03Z 17.7327480 46.8818760 113.5
2024-02-03T11:38:08Z 17.7331630 46.8819120 113.2
2024-02-03T11:38:13Z 17.7335670 46.8819390 113.0
2024-02-03T11:38:18Z 17.7339850 46.8819900 112.7
2024-02-03T11:38:23Z 17.7343850 46.8820270 112.6
2024-02-03T11:38:28Z 17.7347630 46.8820610 112.6
2024-02-03T11:38:33Z 17.7351350 46.8820960 112.7
2024-02-03T11:38:38Z 17.7354710 46.8821230 112.8
2024-02-03T11:38:44Z 17.7357630 46.8821440 113.0
2024-02-03T11:38:49Z 17.7360600 46.8821620 113.1
2024-02-03T11:38:54Z 17.7363910 46.8821830 113.1
2024-02-03T11:38:59Z 17.7367630 46.8822070 113.1
2024-02-03T11:39:04Z 17.7371140 46.8822290 113.1
2024-02-03T11:39:09Z 17.7374900 46.8822410 113.0
2024-02-03T11:39:14Z 17.7378580 46.8822450 113.0
2024-02-03T11:39:19Z 17.7382270 46.8822480 113.0
2024-02-03T11:39:24Z 17.7386050 46.8822470 113.0
2024-02-03T11:39:29Z 17.7389960 46.8822490 113.0
2024-02-03T11:39:34Z 17.7393870 46.8822390 113.0
2024-02-03T11:39:39Z 17.7398140 46.8822440 113.1
2024-02-03T11:39:44Z 17.7402440 46.8822270 113.1
2024-02-03T11:39:49Z 17.7406640 46.8822350 113.1
2024-02-03T11:39:54Z 17.7410820 46.8822370 113.2
2024-02-03T11:39:59Z 17.7414920 46.8822360 113.0
2024-02-03T11:40:04Z 17.7418850 46.8822360 112.6
2024-02-03T11:40:09Z 17.7423030 46.8822340 112.1
2024-02-03T11:40:14Z 17.7427540 46.8822410 111.6
2024-02-03T11:40:19Z 17.7432090 46.8822410 111.1
2024-02-03T11:40:24Z 17.7436780 46.8822380 110.7
2024-02-03T11:40:29Z 17.7441600 46.8822330 110.4
2024-02-03T11:40:34Z 17.7446440 46.8822300 110.3
2024-02-03T11:40:39Z 17.7450840 46.8822220 110.3
2024-02-03T11:40:44Z 17.7455460 46.8822230 110.4
2024-02-03T11:40:49Z 17.7459340 46.8822360 110.7
2024-02-03T11:40:54Z 17.7461980 46.8822310 111.2
2024-02-03T11:40:59Z 17.7463580 46.8821720 111.4
2024-02-03T11:41:05Z 17.7465220 46.8820370 111.0
2024-02-03T11:41:10Z 17.7467020 46.8816890 110.4
2024-02-03T11:41:15Z 17.7468540 46.8813590 109.9
2024-02-03T11:41:20Z 17.7469530 46.8811190 109.9
2024-02-03T11:41:25Z 17.7470610 46.8809030 110.1
2024-02-03T11:41:30Z 17.7471740 46.8807700 110.5
2024-02-03T11:41:35Z 17.7475910 46.8808060 110.4
2024-02-03T11:41:40Z 17.7479690 46.8808360 110.6
2024-02-03T11:41:45Z 17.7482450 46.8808420 110.8
2024-02-03T11:41:50Z 17.7485220 46.8808440 111.1
2024-02-03T11:41:55Z 17.7489060 46.8809200 111.4
2024-02-03T11:42:00Z 17.7492030 46.8809630 111.6
2024-02-03T11:42:05Z 17.7495360 46.8810710 111.7
2024-02-03T11:42:10Z 17.7498480 46.8812190 111.9
2024-02-03T11:42:15Z 17.7500670 46.8813470 111.9
2024-02-03T11:42:20Z 17.7501100 46.8813670 111.9
2024-02-03T11:42:25Z 17.7501420 46.8813810 111.9
2024-02-03T11:42:58Z 17.7501480 46.8813840 111.9
2024-02-03T11:43:03Z 17.7503690 46.8815120 111.8
2024-02-03T11:43:08Z 17.7507000 46.8816660 111.8
2024-02-03T11:43:13Z 17.7510500 46.8818180 111.7
2024-02-03T11:43:18Z 17.7514460 46.8819580 111.6
2024-02-03T11:43:23Z 17.7518860 46.8821320 111.7
2024-02-03T11:43:28Z 17.7523040 46.8822930 112.0
2024-02-03T11:43:33Z 17.7526300 46.8824200 112.3
2024-02-03T11:43:38Z 17.7529300 46.8823070 111.6
2024-02-03T11:43:43Z 17.7532960 46.8820660 110.3
2024-02-03T11:43:48Z 17.7535190 46.8818070 108.8
2024-02-03T11:43:53Z 17.7538630 46.8816730 108.0
2024-02-03T11:43:58Z 17.7543370 46.8817660 107.8
2024-02-03T11:44:03Z 17.7548660 46.8818710 107.7
2024-02-03T11:44:08Z 17.7554310 46.8819680 107.5
2024-02-03T11:44:13Z 17.7560040 46.8820860 107.7
2024-02-03T11:44:18Z 17.7565510 46.8821750 108.1
2024-02-03T11:44:23Z 17.7570740 46.8822530 108.2
2024-02-03T11:44:28Z 17.7576150 46.8823640 108.2
2024-02-03T11:44:33Z 17.7581340 46.8824550 108.1
2024-02-03T11:44:38Z 17.7586750 46.8825550 108.1
2024-02-03T11:44:43Z 17.7592430 46.8826860 108.1
2024-02-03T11:44:48Z 17.7597860 46.8828010 108.2
2024-02-03T11:44:53Z 17.7603170 46.8829450 108.1
2024-02-03T11:44:58Z 17.7608180 46.8830450 107.9
2024-02-03T11:45:03Z 17.7613130 46.8831470 107.7
2024-02-03T11:45:08Z 17.7617360 46.8832060 107.5
2024-02-03T11:45:13Z 17.7621610 46.8832450 107.6
2024-02-03T11:45:18Z 17.7625130 46.8832960 107.6
2024-02-03T11:45:23Z 17.7628900 46.8833150 107.6
2024-02-03T11:45:28Z 17.7633380 46.8833350 107.8
2024-02-03T11:45:33Z 17.7637660 46.8833570 108.2
2024-02-03T11:45:38Z 17.7642290 46.8833870 108.3
2024-02-03T11:45:43Z 17.7647600 46.8834570 108.3
2024-02-03T11:45:48Z 17.7652550 46.8835410 108.2
2024-02-03T11:45:53Z 17.7657040 46.8834670 107.5
2024-02-03T11:45:58Z 17.7662370 46.8833760 106.9
2024-02-03T11:46:03Z 17.7668040 46.8833320 106.8
2024-02-03T11:46:08Z 17.7673370 46.8832840 107.0
2024-02-03T11:46:13Z 17.7678330 46.8832330 107.7
2024-02-03T11:46:18Z 17.7683370 46.8831800 108.0
2024-02-03T11:46:23Z 17.7688180 46.8831600 108.1
2024-02-03T11:46:28Z 17.7692390 46.8831630 108.3
2024-02-03T11:46:33Z 17.7694920 46.8832230 108.6
2024-02-03T11:46:38Z 17.7694500 46.8834030 108.8
2024-02-03T11:46:43Z 17.7693430 46.8836120 109.3
2024-02-03T11:46:48Z 17.7692100 46.8838390 109.8
2024-02-03T11:46:53Z 17.7690920 46.8840660 110.5
2024-02-03T11:46:58Z 17.7689720 46.8842960 111.2
2024-02-03T11:47:03Z 17.7688480 46.8845040 111.8
2024-02-03T11:47:08Z 17.7687450 46.8847290 112.4
2024-02-03T11:47:13Z 17.7686510 46.8849410 112.8
2024-02-03T11:47:18Z 17.7685300 46.8851440 113.3
2024-02-03T11:47:23Z 17.7684120 46.8853240 113.8
2024-02-03T11:47:29Z 17.7682780 46.8856220 114.7
2024-02-03T11:47:34Z 17.7681870 46.8858150 115.4
2024-02-03T11:47:39Z 17.7680910 46.8860360 116.3
2024-02-03T11:47:44Z 17.7679700 46.8862390 117.4
2024-02-03T11:47:49Z 17.7678650 46.8864530 118.6
2024-02-03T11:47:54Z 17.7677720 46.8866630 119.9
2024-02-03T11:47:59Z 17.7676630 46.8868560 121.0
2024-02-03T11:48:04Z 17.7675370 46.8870530 122.0
2024-02-03T11:48:09Z 17.7674270 46.8872610 123.2
2024-02-03T11:48:14Z 17.7673050 46.8874700 124.6
2024-02-03T11:48:19Z 17.7672040 46.8876760 126.2
2024-02-03T11:48:24Z 17.7671090 46.8878760 127.9
2024-02-03T11:48:29Z 17.7670260 46.8880800 129.5
2024-02-03T11:48:34Z 17.7669180 46.8882730 131.2
2024-02-03T11:48:39Z 17.7668240 46.8884410 132.6
2024-02-03T11:48:44Z 17.7667460 46.8885850 133.9
2024-02-03T11:48:49Z 17.7666690 46.8887370 135.2
2024-02-03T11:48:54Z 17.7665840 46.8888560 136.1
2024-02-03T11:48:59Z 17.7664780 46.8890100 136.9
2024-02-03T11:49:04Z 17.7663890 46.8891360 137.3
2024-02-03T11:49:09Z 17.7662830 46.8892690 137.7
2024-02-03T11:49:14Z 17.7661620 46.8894330 138.1
2024-02-03T11:49:19Z 17.7660300 46.8896010 138.7
2024-02-03T11:49:24Z 17.7658950 46.8897580 139.2
2024-02-03T11:49:29Z 17.7658120 46.8898440 139.4
2024-02-03T11:49:34Z 17.7657210 46.8899200 139.5
2024-02-03T11:49:39Z 17.7658750 46.8900100 139.7
2024-02-03T11:49:44Z 17.7660690 46.8901090 140.1
2024-02-03T11:49:49Z 17.7662710 46.8902200 140.5
2024-02-03T11:49:54Z 17.7664540 46.8903110 140.8
2024-02-03T11:49:59Z 17.7664790 46.8903310 140.9
2024-02-03T11:50:04Z 17.7664760 46.8903310 140.9
2024-02-03T11:50:09Z 17.7665770 46.8903870 141.0
2024-02-03T11:50:14Z 17.7667160 46.8904670 141.0
2024-02-03T11:50:19Z 17.7668340 46.8905230 140.9
2024-02-03T11:50:24Z 17.7670020 46.8906070 140.4
2024-02-03T11:50:29Z 17.7670600 46.8906460 140.2
2024-02-03T11:50:34Z 17.7670630 46.8906480 140.2
2024-02-03T11:50:39Z 17.7671210 46.8906880 139.9
2024-02-03T11:50:44Z 17.7673590 46.8908040 139.0
2024-02-03T11:50:49Z 17.7676140 46.8909430 138.4
2024-02-03T11:50:54Z 17.7679550 46.8911030 138.1
2024-02-03T11:50:59Z 17.7683130 46.8912780 137.8
2024-02-03T11:51:04Z 17.7687120 46.8914410 137.5
2024-02-03T11:51:09Z 17.7691660 46.8915740 137.2
2024-02-03T11:51:14Z 17.7696820 46.8916840 137.5
2024-02-03T11:51:19Z 17.7701670 46.8917850 138.0
2024-02-03T11:51:24Z 17.7706130 46.8918620 138.8
2024-02-03T11:51:29Z 17.7710690 46.8919700 139.2
2024-02-03T11:51:34Z 17.7715280 46.8920880 139.5
2024-02-03T11:51:39Z 17.7719710 46.8922460 139.4
2024-02-03T11:51:44Z 17.7724060 46.8924410 138.5
2024-02-03T11:51:49Z 17.7728590 46.8926320 136.3
2024-02-03T11:51:54Z 17.7732950 46.8928370 133.5
2024-02-03T11:51:59Z 17.7737440 46.8930590 130.5
2024-02-03T11:52:04Z 17.7742180 46.8932930 128.1
2024-02-03T11:52:09Z 17.7747380 46.8935310 126.3
2024-02-03T11:52:14Z 17.7752390 46.8937730 125.3
2024-02-03T11:52:19Z 17.7757220 46.8939920 124.9
2024-02-03T11:52:24Z 17.7761830 46.8941880 124.5
2024-02-03T11:52:29Z 17.7766390 46.8944160 124.1
2024-02-03T11:52:34Z 17.7771270 46.8946510 123.9
2024-02-03T11:52:39Z 17.7775910 46.8948600 123.4
2024-02-03T11:52:44Z 17.7780280 46.8950630 122.7
2024-02-03T11:52:49Z 17.7784290 46.8952650 122.1
2024-02-03T11:52:54Z 17.7788400 46.8954630 121.6
2024-02-03T11:52:59Z 17.7793180 46.8956680 121.3
2024-02-03T11:53:04Z 17.7797820 46.8958900 121.1
2024-02-03T11:53:09Z 17.7802250 46.8960800 120.9
2024-02-03T11:53:14Z 17.7806820 46.8962460 120.8
2024-02-03T11:53:19Z 17.7811230 46.8964170 121.2
2024-02-03T11:53:24Z 17.7815530 46.8965720 121.8
2024-02-03T11:53:29Z 17.7819700 46.8967100 121.9
2024-02-03T11:53:34Z 17.7824270 46.8968510 121.8
2024-02-03T11:53:39Z 17.7829030 46.8970100 121.9
2024-02-03T11:53:44Z 17.7833710 46.8971600 121.9
2024-02-03T11:53:49Z 17.7838090 46.8972950 121.9
2024-02-03T11:53:54Z 17.7842560 46.8974280 121.8
2024-02-03T11:53:59Z 17.7847100 46.8975860 121.3
2024-02-03T11:54:04Z 17.7851470 46.8977260 120.5
2024-02-03T11:54:09Z 17.7855970 46.8978730 120.6
2024-02-03T11:54:14Z 17.7860480 46.8980040 121.8
2024-02-03T11:54:19Z 17.7864220 46.8981450 123.0
2024-02-03T11:54:24Z 17.7867400 46.8982610 123.9
2024-02-03T11:54:29Z 17.7870520 46.8983560 124.6
2024-02-03T11:54:34Z 17.7873490 46.8984330 125.2
2024-02-03T11:54:39Z 17.7875820 46.8985070 125.6
2024-02-03T11:54:44Z 17.7876690 46.8985420 125.7
2024-02-03T11:54:50Z 17.7876820 46.8985400 125.6
2024-02-03T11:54:55Z 17.7877550 46.8985080 125.4
2024-02-03T11:55:00Z 17.7879110 46.8982790 124.3
2024-02-03T11:55:05Z 17.7880450 46.8980300 123.0
2024-02-03T11:55:10Z 17.7881760 46.8977000 121.3
2024-02-03T11:55:15Z 17.7883540 46.8972810 119.1
2024-02-03T11:55:20Z 17.7885440 46.8968190 116.7
2024-02-03T11:55:25Z 17.7887510 46.8963440 114.3
2024-02-03T11:55:30Z 17.7889520 46.8958310 112.6
2024-02-03T11:55:35Z 17.7891610 46.8953560 112.2
2024-02-03T11:55:40Z 17.7893330 46.8949970 112.0
2024-02-03T11:55:45Z 17.7894840 46.8948180 111.8
2024-02-03T11:55:50Z 17.7898490 46.8948720 111.5
2024-02-03T11:55:55Z 17.7902640 46.8950010 111.0
2024-02-03T11:56:00Z 17.7907300 46.8951150 110.6
2024-02-03T11:56:05Z 17.7911970 46.8952570 110.7
2024-02-03T11:56:10Z 17.7916080 46.8953750 110.9
2024-02-03T11:56:15Z 17.7920170 46.8955370 111.2
2024-02-03T11:56:20Z 17.7924260 46.8957060 111.5
2024-02-03T11:56:25Z 17.7928780 46.8958910 111.9
2024-02-03T11:56:30Z 17.7933180 46.8961040 112.2
2024-02-03T11:56:35Z 17.7937410 46.8963380 112.5
2024-02-03T11:56:40Z 17.7941160 46.8965170 112.7
2024-02-03T11:56:45Z 17.7944930 46.8966900 113.1
2024-02-03T11:56:50Z 17.7948500 46.8968530 113.5
2024-02-03T11:56:55Z 17.7952280 46.8970450 113.3
2024-02-03T11:57:00Z 17.7956180 46.8972620 113.3
2024-02-03T11:57:05Z 17.7960040 46.8974700 113.1
2024-02-03T11:57:10Z 17.7963190 46.8976350 112.7
2024-02-03T11:57:15Z 17.7966830 46.8978150 112.4
2024-02-03T11:57:20Z 17.7970780 46.8980240 112.3
2024-02-03T11:57:25Z 17.7974210 46.8982280 112.3
2024-02-03T11:57:30Z 17.7978230 46.8984490 112.1
2024-02-03T11:57:35Z 17.7982530 46.8987060 111.9
2024-02-03T11:57:40Z 17.7986690 46.8989400 111.8
2024-02-03T11:57:45Z 17.7990970 46.8991760 111.5
2024-02-03T11:57:50Z 17.7995050 46.8993690 111.3
2024-02-03T11:57:55Z 17.7999280 46.8995900 110.8
2024-02-03T11:58:00Z 17.8003130 46.8997860 110.5
2024-02-03T11:58:05Z 17.8007530 46.9000310 110.1
2024-02-03T11:58:10Z 17.8011760 46.9003180 109.8
2024-02-03T11:58:15Z 17.8015610 46.9005800 109.4
2024-02-03T11:58:20Z 17.8019180 46.9008140 109.3
2024-02-03T11:58:25Z 17.8022190 46.9010170 109.3
2024-02-03T11:58:30Z 17.8025370 46.9012610 109.0
2024-02-03T11:58:35Z 17.8027300 46.9015840 109.2
2024-02-03T11:58:40Z 17.8029000 46.9018790 109.6
2024-02-03T11:58:45Z 17.8031050 46.9021460 110.0
2024-02-03T11:58:50Z 17.8032630 46.9024280 110.4
2024-02-03T11:58:55Z 17.8034610 46.9027070 111.0
2024-02-03T11:59:00Z 17.8036280 46.9029440 111.4
2024-02-03T11:59:05Z 17.8037760 46.9031860 111.9
2024-02-03T11:59:10Z 17.8039340 46.9033960 112.6
2024-02-03T11:59:15Z 17.8039870 46.9035690 113.2
2024-02-03T11:59:20Z 17.8038400 46.9037200 113.7
2024-02-03T11:59:25Z 17.8036610 46.9038730 114.2
2024-02-03T11:59:30Z 17.8034420 46.9040520 114.9
2024-02-03T11:59:35Z 17.8032250 46.9042520 115.4
2024-02-03T11:59:40Z 17.8029810 46.9044620 116.0
2024-02-03T11:59:45Z 17.8027790 46.9046600 116.8
2024-02-03T11:59:50Z 17.8025880 46.9048170 117.6
2024-02-03T11:59:55Z 17.8024080 46.9049880 118.8
2024-02-03T12:00:00Z 17.8022510 46.9051000 119.9
2024-02-03T12:00:05Z 17.8020890 46.9051610 120.8
2024-02-03T12:00:10Z 17.8020270 46.9052040 121.1
2024-02-03T12:00:15Z 17.8020270 46.9052090 121.1
2024-02-03T12:00:23Z 17.8019860 46.9052250 121.2
2024-02-03T12:00:28Z 17.8019750 46.9052590 121.3
2024-02-03T12:00:33Z 17.8019740 46.9052710 121.3
2024-02-03T12:00:38Z 17.8019730 46.9052840 121.3
2024-02-03T12:00:44Z 17.8019830 46.9053170 121.3
2024-02-03T12:00:49Z 17.8019860 46.9053260 121.3
2024-02-03T12:00:54Z 17.8019920 46.9053310 121.3
2024-02-03T12:00:59Z 17.8020030 46.9053390 121.3
2024-02-03T12:01:04Z 17.8020390 46.9054000 121.2
2024-02-03T12:01:09Z 17.8020800 46.9054730 121.1
2024-02-03T12:01:14Z 17.8020920 46.9054840 121.0
2024-02-03T12:01:19Z 17.8020860 46.9054740 121.0
2024-02-03T12:01:24Z 17.8020830 46.9054690 121.0
2024-02-03T12:01:29Z 17.8020800 46.9054640 121.0
2024-02-03T12:01:34Z 17.8020760 46.9054580 121.0
2024-02-03T12:01:39Z 17.8020730 46.9054530 121.0
2024-02-03T12:01:44Z 17.8020700 46.9054480 121.0
2024-02-03T12:01:49Z 17.8020660 46.9054420 121.0
2024-02-03T12:01:54Z 17.8020630 46.9054370 121.0
2024-02-03T12:01:59Z 17.8020330 46.9053870 120.9
2024-02-03T12:02:04Z 17.8020320 46.9053850 120.9
2024-02-03T12:02:09Z 17.8020320 46.9053850 120.9
2024-02-03T12:02:14Z 17.8020320 46.9053850 120.9
2024-02-03T12:02:19Z 17.8020320 46.9053850 120.9
2024-02-03T12:02:24Z 17.8020320 46.9053850 120.9
2024-02-03T12:02:29Z 17.8020320 46.9053850 120.9
2024-02-03T12:02:34Z 17.8020320 46.9053850 120.9
2024-02-03T12:02:39Z 17.8020320 46.9053850 120.9
2024-02-03T12:02:44Z 17.8020320 46.9053850 120.9
2024-02-03T12:02:49Z 17.8020290 46.9053850 120.9
2024-02-03T12:02:54Z 17.8020280 46.9053860 120.9
2024-02-03T12:02:59Z 17.8020280 46.9053850 120.9
2024-02-03T12:03:04Z 17.8020200 46.9053780 120.9
2024-02-03T12:03:09Z 17.8021290 46.9053800 120.7
2024-02-03T12:03:14Z 17.8023080 46.9054310 120.5
2024-02-03T12:03:19Z 17.8025920 46.9055230 119.9
2024-02-03T12:03:24Z 17.8029920 46.9056280 119.2
2024-02-03T12:03:29Z 17.8034220 46.9057640 118.4
2024-02-03T12:03:34Z 17.8038430 46.9058670 117.8
2024-02-03T12:03:39Z 17.8042440 46.9060150 117.6
2024-02-03T12:03:44Z 17.8046420 46.9061420 117.6
2024-02-03T12:03:49Z 17.8049280 46.9062360 117.7
2024-02-03T12:03:54Z 17.8050220 46.9062660 117.7
2024-02-03T12:03:59Z 17.8050250 46.9062670 117.7
2024-02-03T12:04:04Z 17.8049110 46.9062280 117.8
2024-02-03T12:04:09Z 17.8049140 46.9062750 117.9
2024-02-03T12:04:14Z 17.8050820 46.9063850 118.3
2024-02-03T12:04:19Z 17.8052690 46.9065320 119.0
2024-02-03T12:04:24Z 17.8054830 46.9067050 119.4
2024-02-03T12:04:29Z 17.8056830 46.9068990 119.3
2024-02-03T12:04:34Z 17.8057800 46.9071540 119.0
2024-02-03T12:04:39Z 17.8061290 46.9072940 118.6
2024-02-03T12:04:44Z 17.8065500 46.9074820 118.4
2024-02-03T12:04:49Z 17.8068660 46.9076040 118.3
2024-02-03T12:04:54Z 17.8070810 46.9074190 117.8
2024-02-03T12:04:59Z 17.8072730 46.9071780 117.3
2024-02-03T12:05:04Z 17.8075540 46.9071990 116.5
2024-02-03T12:05:09Z 17.8078830 46.9072670 115.1
2024-02-03T12:05:14Z 17.8083430 46.9074110 113.4
2024-02-03T12:05:19Z 17.8086120 46.9076020 113.0
2024-02-03T12:05:24Z 17.8088780 46.9077120 113.2
2024-02-03T12:05:29Z 17.8089470 46.9077330 113.3
2024-02-03T12:05:34Z 17.8090030 46.9077580 113.4
2024-02-03T12:05:50Z 17.8090260 46.9077690 113.4
2024-02-03T12:05:55Z 17.8092850 46.9078950 114.6
2024-02-03T12:06:00Z 17.8094680 46.9080300 115.8
2024-02-03T12:06:05Z 17.8095490 46.9080820 116.1
2024-02-03T12:06:10Z 17.8096080 46.9081200 116.2
2024-02-03T12:08:48Z 17.8096830 46.9081650 116.2
2024-02-03T12:08:53Z 17.8099000 46.9083020 116.1
2024-02-03T12:08:58Z 17.8102790 46.9085540 116.0
2024-02-03T12:09:03Z 17.8106090 46.9087780 115.9
2024-02-03T12:09:08Z 17.8109530 46.9090310 115.8
2024-02-03T12:09:13Z 17.8113120 46.9092880 115.8
2024-02-03T12:09:18Z 17.8116840 46.9095380 115.9
2024-02-03T12:09:23Z 17.8120540 46.9097890 116.3
2024-02-03T12:09:28Z 17.8124010 46.9100170 116.3
2024-02-03T12:09:33Z 17.8127510 46.9102540 116.5
2024-02-03T12:09:38Z 17.8131380 46.9104720 116.2
2024-02-03T12:09:43Z 17.8135520 46.9107100 115.7
2024-02-03T12:09:48Z 17.8139850 46.9109740 113.9
2024-02-03T12:09:53Z 17.8144430 46.9112630 111.8
2024-02-03T12:09:58Z 17.8147690 46.9115740 111.4
2024-02-03T12:10:03Z 17.8150460 46.9118350 112.0
2024-02-03T12:10:08Z 17.8152690 46.9120030 112.4
2024-02-03T12:10:13Z 17.8154640 46.9122260 112.6
2024-02-03T12:10:18Z 17.8156780 46.9124990 113.0
2024-02-03T12:10:23Z 17.8158300 46.9127520 113.6
2024-02-03T12:10:28Z 17.8159890 46.9130100 114.6
2024-02-03T12:10:33Z 17.8161620 46.9132220 115.9
2024-02-03T12:10:38Z 17.8163260 46.9133450 116.8
2024-02-03T12:10:43Z 17.8164690 46.9134800 117.4
2024-02-03T12:10:48Z 17.8165980 46.9136540 117.8
2024-02-03T12:10:54Z 17.8168070 46.9138900 118.0
2024-02-03T12:10:59Z 17.8170070 46.9141380 118.0
2024-02-03T12:11:04Z 17.8171790 46.9144260 117.7
2024-02-03T12:11:09Z 17.8172000 46.9147380 117.5
2024-02-03T12:11:14Z 17.8172310 46.9150220 117.9
2024-02-03T12:11:19Z 17.8172790 46.9152260 118.5
2024-02-03T12:11:24Z 17.8174120 46.9152070 118.5
2024-02-03T12:11:30Z 17.8175590 46.9150700 118.6
2024-02-03T12:11:35Z 17.8177540 46.9150350 118.4
2024-02-03T12:11:40Z 17.8178880 46.9152020 118.0
2024-02-03T12:11:45Z 17.8180720 46.9154700 118.1
2024-02-03T12:11:50Z 17.8182370 46.9157470 118.7
2024-02-03T12:11:55Z 17.8184140 46.9160430 120.0
2024-02-03T12:12:00Z 17.8185460 46.9162760 121.4
2024-02-03T12:12:05Z 17.8186770 46.9164960 122.8
2024-02-03T12:12:10Z 17.8188090 46.9167010 123.8
2024-02-03T12:12:15Z 17.8189180 46.9169110 124.4
2024-02-03T12:12:20Z 17.8190190 46.9170880 124.7
2024-02-03T12:12:25Z 17.8191520 46.9173130 124.9
2024-02-03T12:12:30Z 17.8192870 46.9175550 125.0
2024-02-03T12:12:35Z 17.8194250 46.9177920 125.2
2024-02-03T12:12:40Z 17.8195450 46.9179910 125.6
2024-02-03T12:12:45Z 17.8196680 46.9181670 126.1
2024-02-03T12:12:50Z 17.8197880 46.9183850 127.0
2024-02-03T12:12:55Z 17.8199650 46.9185810 127.8
2024-02-03T12:13:00Z 17.8201450 46.9187600 128.2
2024-02-03T12:13:05Z 17.8203090 46.9189380 128.5
2024-02-03T12:13:10Z 17.8205050 46.9191290 128.8
2024-02-03T12:13:15Z 17.8207150 46.9193160 129.1
2024-02-03T12:13:20Z 17.8209180 46.9194960 129.3
2024-02-03T12:13:25Z 17.8211620 46.9196770 129.2
2024-02-03T12:13:30Z 17.8213730 46.9198150 128.7
2024-02-03T12:13:35Z 17.8216580 46.9200250 127.4
2024-02-03T12:13:40Z 17.8219380 46.9202590 126.7
2024-02-03T12:13:45Z 17.8222050 46.9204640 126.9
2024-02-03T12:13:50Z 17.8224790 46.9206560 127.0
2024-02-03T12:13:55Z 17.8227890 46.9208750 126.6
2024-02-03T12:14:00Z 17.8231510 46.9211320 125.9
2024-02-03T12:14:05Z 17.8234980 46.9213750 125.4
2024-02-03T12:14:10Z 17.8238560 46.9216110 125.8
2024-02-03T12:14:15Z 17.8241720 46.9218430 126.3
2024-02-03T12:14:20Z 17.8244920 46.9220630 126.8
2024-02-03T12:14:25Z 17.8248730 46.9222160 127.1
2024-02-03T12:14:31Z 17.8252710 46.9224500 126.9
2024-02-03T12:14:36Z 17.8256020 46.9227020 126.7
2024-02-03T12:14:41Z 17.8259820 46.9229380 126.4
2024-02-03T12:14:46Z 17.8263940 46.9231560 125.5
2024-02-03T12:14:51Z 17.8268310 46.9234430 124.2
2024-02-03T12:14:56Z 17.8272520 46.9237480 123.5
2024-02-03T12:15:01Z 17.8276670 46.9240920 123.7
2024-02-03T12:15:06Z 17.8279950 46.9244070 124.5
2024-02-03T12:15:11Z 17.8282290 46.9246910 125.2
2024-02-03T12:15:16Z 17.8284730 46.9248870 124.8
2024-02-03T12:15:21Z 17.8288360 46.9251270 123.9
2024-02-03T12:15:26Z 17.8292080 46.9254110 123.5
2024-02-03T12:15:31Z 17.8296100 46.9256860 123.6
2024-02-03T12:15:36Z 17.8299800 46.9259400 124.0
2024-02-03T12:15:41Z 17.8303280 46.9261800 124.3
2024-02-03T12:15:46Z 17.8306700 46.9263200 124.5
2024-02-03T12:15:51Z 17.8308900 46.9263190 124.2
2024-02-03T12:15:56Z 17.8311980 46.9261180 123.1
2024-02-03T12:16:01Z 17.8315650 46.9258210 121.6
2024-02-03T12:16:06Z 17.8318910 46.9256690 120.7
2024-02-03T12:16:11Z 17.8323210 46.9257440 120.2
2024-02-03T12:16:16Z 17.8328120 46.9257280 120.2
2024-02-03T12:16:21Z 17.8333000 46.9257630 120.1
2024-02-03T12:16:26Z 17.8338040 46.9259090 120.2
2024-02-03T12:16:31Z 17.8343180 46.9260450 120.2
2024-02-03T12:16:36Z 17.8347800 46.9261610 120.3
2024-02-03T12:16:41Z 17.8352520 46.9263010 120.4
2024-02-03T12:16:46Z 17.8356730 46.9264670 120.5
2024-02-03T12:16:51Z 17.8360740 46.9265970 120.5
2024-02-03T12:16:56Z 17.8363590 46.9267070 120.6
2024-02-03T12:17:01Z 17.8366700 46.9267030 120.6
2024-02-03T12:17:06Z 17.8370280 46.9265320 120.1
2024-02-03T12:17:11Z 17.8373020 46.9263520 120.3
2024-02-03T12:17:16Z 17.8371870 46.9262090 120.3
2024-02-03T12:17:21Z 17.8370710 46.9260680 120.2
2024-02-03T12:17:26Z 17.8374180 46.9258870 119.7
2024-02-03T12:17:31Z 17.8378000 46.9256400 119.4
2024-02-03T12:17:36Z 17.8382270 46.9253920 119.1
2024-02-03T12:17:41Z 17.8386830 46.9251260 118.5
2024-02-03T12:17:46Z 17.8391430 46.9248540 118.0
2024-02-03T12:17:51Z 17.8394860 46.9246490 117.7
2024-02-03T12:17:56Z 17.8397650 46.9245800 117.6
2024-02-03T12:18:01Z 17.8399940 46.9247350 117.4
2024-02-03T12:18:06Z 17.8402960 46.9247950 117.3
2024-02-03T12:18:11Z 17.8406550 46.9245990 116.8
2024-02-03T12:18:16Z 17.8410730 46.9243960 116.3
2024-02-03T12:18:21Z 17.8415270 46.9241790 115.9
2024-02-03T12:18:26Z 17.8420090 46.9239470 115.2
2024-02-03T12:18:31Z 17.8425090 46.9236940 114.5
2024-02-03T12:18:36Z 17.8430220 46.9234560 113.7
2024-02-03T12:18:41Z 17.8435790 46.9231880 113.0
2024-02-03T12:18:46Z 17.8442110 46.9229520 112.6
2024-02-03T12:18:51Z 17.8448880 46.9227740 112.3
2024-02-03T12:18:56Z 17.8455790 46.9225780 111.9
2024-02-03T12:19:01Z 17.8462800 46.9223930 111.4
2024-02-03T12:19:06Z 17.8469480 46.9222210 110.9
2024-02-03T12:19:11Z 17.8475380 46.9220280 110.6
2024-02-03T12:19:16Z 17.8480130 46.9218600 110.5
2024-02-03T12:19:21Z 17.8483890 46.9217290 110.2
2024-02-03T12:19:26Z 17.8488550 46.9216110 109.8
2024-02-03T12:19:31Z 17.8493380 46.9214420 109.7
2024-02-03T12:19:36Z 17.8498320 46.9212570 110.5
2024-02-03T12:19:41Z 17.8503090 46.9210850 111.0
2024-02-03T12:19:46Z 17.8507680 46.9209570 111.4
2024-02-03T12:19:51Z 17.8512640 46.9208340 111.9
2024-02-03T12:19:56Z 17.8517780 46.9207730 112.9
2024-02-03T12:20:01Z 17.8521950 46.9207380 113.8
2024-02-03T12:20:06Z 17.8525280 46.9207750 114.6
2024-02-03T12:20:11Z 17.8528240 46.9207710 115.3
2024-02-03T12:20:16Z 17.8530460 46.9208200 115.7
2024-02-03T12:20:21Z 17.8533770 46.9208830 115.6
2024-02-03T12:20:26Z 17.8537060 46.9209390 115.5
2024-02-03T12:20:31Z 17.8540260 46.9209960 115.3
2024-02-03T12:20:36Z 17.8542450 46.9210590 115.1
2024-02-03T12:20:41Z 17.8546170 46.9211240 114.8
2024-02-03T12:20:46Z 17.8549630 46.9211860 114.3
2024-02-03T12:20:51Z 17.8553510 46.9212560 113.7
2024-02-03T12:20:56Z 17.8558110 46.9213450 113.1
2024-02-03T12:21:01Z 17.8561580 46.9214590 112.7
2024-02-03T12:21:06Z 17.8564070 46.9216500 112.3
2024-02-03T12:21:11Z 17.8567450 46.9217100 112.2
2024-02-03T12:21:16Z 17.8570140 46.9216180 112.8
2024-02-03T12:21:21Z 17.8572580 46.9214800 113.2
2024-02-03T12:21:26Z 17.8574960 46.9213120 113.9
2024-02-03T12:21:31Z 17.8577690 46.9211650 114.8
2024-02-03T12:21:36Z 17.8580010 46.9210090 115.8
2024-02-03T12:21:41Z 17.8582470 46.9208670 116.8
2024-02-03T12:21:47Z 17.8585400 46.9207170 118.0
2024-02-03T12:21:52Z 17.8588200 46.9205840 119.0
2024-02-03T12:21:57Z 17.8591030 46.9204810 120.0
2024-02-03T12:22:02Z 17.8593820 46.9203910 120.9
2024-02-03T12:22:07Z 17.8596540 46.9202930 121.9
2024-02-03T12:22:12Z 17.8599460 46.9202080 122.8
2024-02-03T12:22:17Z 17.8602320 46.9201350 123.4
2024-02-03T12:22:22Z 17.8605600 46.9200870 123.9
2024-02-03T12:22:27Z 17.8608830 46.9200390 124.1
2024-02-03T12:22:32Z 17.8612460 46.9199890 124.3
2024-02-03T12:22:37Z 17.8616370 46.9199280 124.7
2024-02-03T12:22:42Z 17.8620470 46.9198680 125.2
2024-02-03T12:22:47Z 17.8624340 46.9198110 125.9
2024-02-03T12:22:52Z 17.8628310 46.9197540 126.5
2024-02-03T12:22:57Z 17.8632350 46.9197090 127.0
2024-02-03T12:23:02Z 17.8636280 46.9196520 127.4
2024-02-03T12:23:07Z 17.8640430 46.9195940 127.9
2024-02-03T12:23:12Z 17.8643860 46.9195540 128.7
2024-02-03T12:23:17Z 17.8644600 46.9195540 128.8
2024-02-03T12:23:22Z 17.8644640 46.9195540 128.8
2024-02-03T12:23:36Z 17.8645440 46.9195500 128.7
2024-02-03T12:23:41Z 17.8649470 46.9195270 127.6
2024-02-03T12:23:46Z 17.8655060 46.9194980 126.1
2024-02-03T12:23:51Z 17.8660780 46.9194950 125.1
2024-02-03T12:23:56Z 17.8666760 46.9194790 124.2
2024-02-03T12:24:01Z 17.8673200 46.9194680 122.9
2024-02-03T12:24:06Z 17.8679580 46.9194610 121.9
2024-02-03T12:24:11Z 17.8686080 46.9194460 121.9
2024-02-03T12:24:16Z 17.8692190 46.9194250 122.8
2024-02-03T12:24:21Z 17.8697750 46.9193770 124.4
2024-02-03T12:24:26Z 17.8702470 46.9193040 126.0
2024-02-03T12:24:31Z 17.8706360 46.9192260 128.0
2024-02-03T12:24:36Z 17.8709520 46.9191790 129.9
2024-02-03T12:24:41Z 17.8712110 46.9191230 131.5
2024-02-03T12:24:46Z 17.8715130 46.9190470 133.0
2024-02-03T12:24:52Z 17.8718080 46.9189770 134.0
2024-02-03T12:24:57Z 17.8720840 46.9188990 134.8
2024-02-03T12:25:02Z 17.8724190 46.9187910 135.6
2024-02-03T12:25:07Z 17.8727360 46.9186720 136.8
2024-02-03T12:25:12Z 17.8729970 46.9185850 138.1
2024-02-03T12:25:17Z 17.8732290 46.9184940 139.4
2024-02-03T12:25:22Z 17.8735040 46.9183970 141.1
2024-02-03T12:25:27Z 17.8737670 46.9183010 142.6
2024-02-03T12:25:32Z 17.8739980 46.9182220 143.8
2024-02-03T12:25:37Z 17.8742630 46.9181370 145.0
2024-02-03T12:25:42Z 17.8745230 46.9180510 146.0
2024-02-03T12:25:47Z 17.8747860 46.9179630 147.0
2024-02-03T12:25:52Z 17.8750510 46.9178750 148.1
2024-02-03T12:25:57Z 17.8753300 46.9178060 149.3
2024-02-03T12:26:03Z 17.8755880 46.9177650 150.5
2024-02-03T12:26:08Z 17.8758920 46.9176950 151.9
2024-02-03T12:26:13Z 17.8761490 46.9176390 152.9
2024-02-03T12:26:18Z 17.8764400 46.9175850 153.9
2024-02-03T12:26:23Z 17.8767580 46.9175250 154.8
2024-02-03T12:26:28Z 17.8770570 46.9174520 155.9
2024-02-03T12:26:33Z 17.8773610 46.9173860 157.2
2024-02-03T12:26:38Z 17.8776610 46.9173220 158.9
2024-02-03T12:26:43Z 17.8779040 46.9172790 160.3
2024-02-03T12:26:49Z 17.8781290 46.9172420 161.4
2024-02-03T12:26:54Z 17.8782030 46.9172140 161.8
2024-02-03T12:26:59Z 17.8783890 46.9171460 162.3
2024-02-03T12:27:04Z 17.8785910 46.9170520 163.5
2024-02-03T12:27:09Z 17.8787490 46.9169200 165.0
2024-02-03T12:27:14Z 17.8789040 46.9167740 166.2
2024-02-03T12:27:19Z 17.8790770 46.9166190 167.1
2024-02-03T12:27:24Z 17.8792400 46.9164820 167.8
2024-02-03T12:27:29Z 17.8794230 46.9163770 168.3
2024-02-03T12:27:34Z 17.8796370 46.9162830 168.7
2024-02-03T12:27:39Z 17.8798580 46.9162020 168.9
2024-02-03T12:27:44Z 17.8800720 46.9161340 168.9
2024-02-03T12:27:49Z 17.8803530 46.9160990 168.8
2024-02-03T12:27:54Z 17.8807730 46.9160490 168.6
2024-02-03T12:27:59Z 17.8812240 46.9159950 168.6
2024-02-03T12:28:04Z 17.8816950 46.9159530 168.7
2024-02-03T12:28:09Z 17.8821600 46.9159070 168.8
2024-02-03T12:28:14Z 17.8825930 46.9158480 169.2
2024-02-03T12:28:19Z 17.8829940 46.9157740 169.7
2024-02-03T12:28:24Z 17.8834180 46.9157390 170.1
2024-02-03T12:28:29Z 17.8838160 46.9157040 170.4
2024-02-03T12:28:34Z 17.8841510 46.9156700 170.5
2024-02-03T12:28:39Z 17.8844070 46.9156180 170.7
2024-02-03T12:28:44Z 17.8846060 46.9156010 170.8
2024-02-03T12:28:49Z 17.8847450 46.9155600 170.9
2024-02-03T12:28:54Z 17.8848660 46.9155500 171.0
2024-02-03T12:28:59Z 17.8850440 46.9154830 171.1
2024-02-03T12:29:04Z 17.8853020 46.9154150 171.2
2024-02-03T12:29:09Z 17.8855010 46.9153470 171.2
2024-02-03T12:29:14Z 17.8856270 46.9152560 171.0
2024-02-03T12:29:19Z 17.8858810 46.9151200 170.6
2024-02-03T12:29:24Z 17.8862600 46.9149480 169.9
2024-02-03T12:29:29Z 17.8866340 46.9147530 169.7
2024-02-03T12:29:34Z 17.8869570 46.9145190 170.3
2024-02-03T12:29:39Z 17.8872080 46.9142850 171.3
2024-02-03T12:29:44Z 17.8874320 46.9140760 172.3
2024-02-03T12:29:49Z 17.8876850 46.9138940 172.9
2024-02-03T12:29:54Z 17.8879530 46.9137200 173.7
2024-02-03T12:29:59Z 17.8882310 46.9135550 174.4
2024-02-03T12:30:04Z 17.8884410 46.9133890 174.7
2024-02-03T12:30:09Z 17.8886240 46.9132320 174.6
2024-02-03T12:30:14Z 17.8888210 46.9130940 174.5
2024-02-03T12:30:19Z 17.8890320 46.9129860 174.3
2024-02-03T12:30:24Z 17.8891150 46.9129170 174.2
2024-02-03T12:30:29Z 17.8891370 46.9129080 174.1
2024-02-03T12:30:34Z 17.8891550 46.9129000 174.1
2024-02-03T12:30:39Z 17.8892990 46.9127810 173.3
2024-02-03T12:30:44Z 17.8894590 46.9125170 171.4
2024-02-03T12:30:49Z 17.8894570 46.9121360 169.1
2024-02-03T12:30:54Z 17.8893670 46.9117170 165.2
2024-02-03T12:30:59Z 17.8894450 46.9113330 161.5
2024-02-03T12:31:04Z 17.8897340 46.9108870 157.6
2024-02-03T12:31:09Z 17.8900340 46.9103580 154.6
2024-02-03T12:31:14Z 17.8902580 46.9098350 151.2
2024-02-03T12:31:19Z 17.8904510 46.9093560 149.3
2024-02-03T12:31:24Z 17.8906200 46.9089850 148.8
2024-02-03T12:31:29Z 17.8907540 46.9086130 148.4
2024-02-03T12:31:34Z 17.8908390 46.9082330 148.0
2024-02-03T12:31:39Z 17.8909090 46.9078370 147.7
2024-02-03T12:31:44Z 17.8909330 46.9075800 147.5
2024-02-03T12:31:49Z 17.8909170 46.9074920 147.4
2024-02-03T12:31:55Z 17.8909160 46.9074910 147.4
2024-02-03T12:32:05Z 17.8911370 46.9075660 146.8
2024-02-03T12:32:10Z 17.8912140 46.9075930 146.7
2024-02-03T12:32:15Z 17.8911190 46.9075840 146.9
2024-02-03T12:32:20Z 17.8910820 46.9075780 147.0
2024-02-03T12:32:25Z 17.8910660 46.9075750 147.0
2024-02-03T12:32:30Z 17.8910510 46.9075710 147.0
2024-02-03T12:32:35Z 17.8910350 46.9075680 147.1
2024-02-03T12:32:40Z 17.8909750 46.9075490 147.2
2024-02-03T12:32:45Z 17.8909510 46.9075400 147.2
2024-02-03T12:32:50Z 17.8909500 46.9075400 147.2
2024-02-03T12:32:55Z 17.8909500 46.9075400 147.2
2024-02-03T12:33:00Z 17.8909500 46.9075400 147.2
2024-02-03T12:33:05Z 17.8909500 46.9075400 147.2
2024-02-03T12:33:10Z 17.8909420 46.9075350 147.2
2024-02-03T12:33:15Z 17.8909440 46.9075350 147.2
2024-02-03T12:33:20Z 17.8909480 46.9075380 147.2
2024-02-03T12:33:25Z 17.8909440 46.9075360 147.2
2024-02-03T12:33:30Z 17.8909490 46.9075390 147.2
2024-02-03T12:33:35Z 17.8909500 46.9075400 147.2
2024-02-03T12:33:40Z 17.8909500 46.9075400 147.2
2024-02-03T12:33:45Z 17.8909500 46.9075400 147.2
2024-02-03T12:33:50Z 17.8909500 46.9075400 147.2
2024-02-03T12:33:55Z 17.8909480 46.9075370 147.2
2024-02-03T12:34:00Z 17.8909490 46.9075360 147.2
2024-02-03T12:34:05Z 17.8909500 46.9075370 147.2
2024-02-03T12:34:10Z 17.8909490 46.9075380 147.2
2024-02-03T12:34:15Z 17.8909480 46.9075000 147.2
2024-02-03T12:34:20Z 17.8909930 46.9075080 147.2
2024-02-03T12:34:25Z 17.8910960 46.9075980 146.9
2024-02-03T12:34:30Z 17.8913590 46.9077080 146.0
2024-02-03T12:34:35Z 17.8914580 46.9079920 144.4
2024-02-03T12:34:40Z 17.8915270 46.9082660 142.7
2024-02-03T12:34:45Z 17.8916460 46.9085790 140.6
2024-02-03T12:34:50Z 17.8916910 46.9089270 138.4
2024-02-03T12:34:55Z 17.8917400 46.9092610 136.1
2024-02-03T12:35:00Z 17.8917480 46.9096410 134.0
2024-02-03T12:35:05Z 17.8917890 46.9099760 132.4
2024-02-03T12:35:10Z 17.8916130 46.9102790 130.6
2024-02-03T12:35:15Z 17.8916250 46.9104270 129.9
2024-02-03T12:35:20Z 17.8916780 46.9104900 129.6
2024-02-03T12:35:25Z 17.8917020 46.9105270 129.4
2024-02-03T12:35:30Z 17.8916600 46.9108110 128.0
2024-02-03T12:35:35Z 17.8916470 46.9111120 126.3
2024-02-03T12:35:40Z 17.8919180 46.9114640 123.8
2024-02-03T12:35:45Z 17.8920960 46.9117950 121.6
2024-02-03T12:35:50Z 17.8919370 46.9121690 119.5
2024-02-03T12:35:55Z 17.8919490 46.9125410 117.4
2024-02-03T12:36:00Z 17.8921490 46.9129200 115.3
2024-02-03T12:36:05Z 17.8921370 46.9133470 112.6
2024-02-03T12:36:10Z 17.8920500 46.9137900 110.2
2024-02-03T12:36:15Z 17.8919970 46.9142460 109.6
2024-02-03T12:36:20Z 17.8919410 46.9146700 110.6
2024-02-03T12:36:25Z 17.8918880 46.9150360 112.1
2024-02-03T12:36:30Z 17.8918460 46.9153840 112.9
2024-02-03T12:36:35Z 17.8918830 46.9157580 113.3
2024-02-03T12:36:40Z 17.8919050 46.9161170 113.5
2024-02-03T12:36:45Z 17.8919110 46.9164900 113.6
2024-02-03T12:36:50Z 17.8919150 46.9168280 113.5
2024-02-03T12:36:55Z 17.8918460 46.9171560 113.0
2024-02-03T12:37:00Z 17.8916310 46.9175060 111.5
2024-02-03T12:37:05Z 17.8912500 46.9178450 109.5
2024-02-03T12:37:10Z 17.8907440 46.9181080 108.6
2024-02-03T12:37:15Z 17.8903650 46.9183010 108.8
2024-02-03T12:37:20Z 17.8901740 46.9183610 109.0
2024-02-03T12:37:25Z 17.8899890 46.9184250 109.1
2024-02-03T12:37:30Z 17.8897030 46.9186020 108.9
2024-02-03T12:37:35Z 17.8894220 46.9187800 108.9
2024-02-03T12:37:40Z 17.8891200 46.9189610 108.9
2024-02-03T12:37:45Z 17.8888150 46.9191650 108.9
2024-02-03T12:37:50Z 17.8885190 46.9194450 108.8
2024-02-03T12:37:55Z 17.8882350 46.9197470 108.5
2024-02-03T12:38:00Z 17.8879410 46.9200530 108.4
2024-02-03T12:38:05Z 17.8876870 46.9203580 108.5
2024-02-03T12:38:10Z 17.8874180 46.9206510 108.5
2024-02-03T12:38:15Z 17.8871450 46.9209460 108.5
2024-02-03T12:38:20Z 17.8869190 46.9212660 108.5
2024-02-03T12:38:25Z 17.8867020 46.9215680 108.5
2024-02-03T12:38:30Z 17.8864700 46.9218630 108.6
2024-02-03T12:38:35Z 17.8862080 46.9221250 108.7
2024-02-03T12:38:40Z 17.8859280 46.9223650 108.6
2024-02-03T12:38:45Z 17.8855950 46.9225930 108.5
2024-02-03T12:38:50Z 17.8852430 46.9228200 108.5
2024-02-03T12:38:55Z 17.8849220 46.9230110 108.6
2024-02-03T12:39:00Z 17.8845510 46.9232140 108.8
2024-02-03T12:39:05Z 17.8841690 46.9233770 108.7
2024-02-03T12:39:10Z 17.8837720 46.9235010 108.5
2024-02-03T12:39:15Z 17.8833330 46.9236160 108.4
2024-02-03T12:39:20Z 17.8828660 46.9237210 108.3
2024-02-03T12:39:25Z 17.8823920 46.9237960 108.3
2024-02-03T12:39:30Z 17.8819890 46.9238630 108.4
2024-02-03T12:39:35Z 17.8816640 46.9239330 108.4
2024-02-03T12:39:40Z 17.8813090 46.9239920 108.5
2024-02-03T12:39:45Z 17.8809080 46.9240560 108.4
2024-02-03T12:39:50Z 17.8804690 46.9241200 108.3
2024-02-03T12:39:55Z 17.8800210 46.9242020 108.2
2024-02-03T12:40:00Z 17.8795570 46.9242860 108.4
2024-02-03T12:40:05Z 17.8791220 46.9243480 108.5
2024-02-03T12:40:10Z 17.8786950 46.9243970 108.4
2024-02-03T12:40:15Z 17.8782810 46.9244390 108.4
2024-02-03T12:40:20Z 17.8778710 46.9244670 108.4
2024-02-03T12:40:25Z 17.8774660 46.9245050 108.4
2024-02-03T12:40:30Z 17.8770430 46.9245100 108.3
2024-02-03T12:40:35Z 17.8766460 46.9245110 108.3
2024-02-03T12:40:40Z 17.8762370 46.9245030 108.3
2024-02-03T12:40:45Z 17.8758100 46.9244860 108.5
2024-02-03T12:40:50Z 17.8754500 46.9244420 108.5
2024-02-03T12:40:55Z 17.8750030 46.9243850 108.5
2024-02-03T12:41:00Z 17.8745640 46.9243180 108.5
2024-02-03T12:41:05Z 17.8741270 46.9242510 108.6
2024-02-03T12:41:10Z 17.8736930 46.9241610 108.5
2024-02-03T12:41:15Z 17.8732620 46.9241070 108.5
2024-02-03T12:41:20Z 17.8728270 46.9240620 108.6
2024-02-03T12:41:25Z 17.8724590 46.9240330 108.6
2024-02-03T12:41:30Z 17.8720920 46.9239810 108.6
2024-02-03T12:41:35Z 17.8717720 46.9239250 108.7
2024-02-03T12:41:40Z 17.8714600 46.9239040 108.7
2024-02-03T12:41:45Z 17.8710950 46.9238940 108.7
2024-02-03T12:41:50Z 17.8707000 46.9238930 108.7
2024-02-03T12:41:55Z 17.8702920 46.9239020 108.7
2024-02-03T12:42:00Z 17.8698840 46.9239250 108.7
2024-02-03T12:42:05Z 17.8694650 46.9239540 108.6
2024-02-03T12:42:10Z 17.8690960 46.9240360 108.6
2024-02-03T12:42:15Z 17.8686950 46.9241090 108.5
2024-02-03T12:42:20Z 17.8683310 46.9241510 108.3
2024-02-03T12:42:25Z 17.8679070 46.9242430 108.1
2024-02-03T12:42:30Z 17.8674760 46.9243790 107.8
2024-02-03T12:42:35Z 17.8670130 46.9244810 107.7
2024-02-03T12:42:40Z 17.8666320 46.9245770 107.8
2024-02-03T12:42:45Z 17.8662700 46.9246980 107.7
2024-02-03T12:42:50Z 17.8659480 46.9248170 107.8
2024-02-03T12:42:55Z 17.8655770 46.9249340 107.8
2024-02-03T12:43:00Z 17.8652030 46.9250830 107.7
2024-02-03T12:43:05Z 17.8648340 46.9252600 107.8
2024-02-03T12:43:10Z 17.8644870 46.9254170 107.7
2024-02-03T12:43:15Z 17.8641450 46.9255990 107.7
2024-02-03T12:43:20Z 17.8638190 46.9257830 107.7
2024-02-03T12:43:25Z 17.8635560 46.9259560 107.6
2024-02-03T12:43:30Z 17.8633270 46.9261020 107.5
2024-02-03T12:43:35Z 17.8630580 46.9262770 107.4
2024-02-03T12:43:40Z 17.8628680 46.9264240 107.3
2024-02-03T12:43:45Z 17.8625980 46.9265450 107.2
2024-02-03T12:43:50Z 17.8622860 46.9265860 107.3
2024-02-03T12:43:55Z 17.8621240 46.9265890 107.4
2024-02-03T12:44:00Z 17.8621500 46.9267330 107.3
2024-02-03T12:44:05Z 17.8620340 46.9269220 107.0
2024-02-03T12:44:10Z 17.8617500 46.9271230 106.6
2024-02-03T12:44:15Z 17.8614550 46.9273110 106.4
2024-02-03T12:44:20Z 17.8611540 46.9275170 106.2
2024-02-03T12:44:25Z 17.8608710 46.9277070 106.3
2024-02-03T12:44:30Z 17.8606620 46.9278650 106.6
2024-02-03T12:44:35Z 17.8604810 46.9279520 106.9
2024-02-03T12:44:40Z 17.8605530 46.9280240 107.1
2024-02-03T12:44:45Z 17.8605620 46.9280350 107.1
2024-02-03T12:44:50Z 17.8605990 46.9280950 107.1
2024-02-03T12:44:55Z 17.8605000 46.9282410 106.8
2024-02-03T12:45:00Z 17.8603080 46.9283460 106.7
2024-02-03T12:45:05Z 17.8601460 46.9285350 106.7
2024-02-03T12:45:10Z 17.8600370 46.9287220 106.7
2024-02-03T12:45:15Z 17.8598930 46.9289580 106.7
2024-02-03T12:45:20Z 17.8597840 46.9291960 106.7
2024-02-03T12:45:25Z 17.8597180 46.9294310 106.6
2024-02-03T12:45:30Z 17.8596540 46.9296760 106.6
2024-02-03T12:45:35Z 17.8596260 46.9299740 106.6
2024-02-03T12:45:40Z 17.8596180 46.9302260 106.8
2024-02-03T12:45:45Z 17.8595720 46.9304540 106.8
2024-02-03T12:45:51Z 17.8595600 46.9307240 106.9
2024-02-03T12:45:56Z 17.8595150 46.9309820 107.0
2024-02-03T12:46:01Z 17.8595140 46.9312100 107.0
2024-02-03T12:46:06Z 17.8595110 46.9314910 107.1
2024-02-03T12:46:11Z 17.8594730 46.9317840 107.2
2024-02-03T12:46:16Z 17.8594720 46.9320160 107.3
2024-02-03T12:46:21Z 17.8594690 46.9323220 107.2
2024-02-03T12:46:26Z 17.8594400 46.9326890 107.1
2024-02-03T12:46:31Z 17.8594370 46.9330630 106.9
2024-02-03T12:46:36Z 17.8594460 46.9334250 106.8
2024-02-03T12:46:41Z 17.8594730 46.9337670 106.9
2024-02-03T12:46:46Z 17.8594940 46.9340750 107.1
2024-02-03T12:46:51Z 17.8595000 46.9343630 107.4
2024-02-03T12:46:56Z 17.8595600 46.9346530 107.8
2024-02-03T12:47:01Z 17.8596590 46.9349330 108.1
2024-02-03T12:47:06Z 17.8598370 46.9352490 108.3
2024-02-03T12:47:11Z 17.8600000 46.9355660 108.6
2024-02-03T12:47:16Z 17.8601970 46.9358710 109.1
2024-02-03T12:47:21Z 17.8603810 46.9361500 109.4
2024-02-03T12:47:26Z 17.8605710 46.9363800 109.5
2024-02-03T12:47:31Z 17.8608080 46.9365820 109.5
2024-02-03T12:47:36Z 17.8610620 46.9367790 109.6
2024-02-03T12:47:41Z 17.8612820 46.9369660 109.7
2024-02-03T12:47:46Z 17.8614970 46.9371520 109.8
2024-02-03T12:47:51Z 17.8617160 46.9373380 110.1
2024-02-03T12:47:56Z 17.8619220 46.9374910 110.3
2024-02-03T12:48:01Z 17.8620700 46.9375880 110.4
2024-02-03T12:48:06Z 17.8622340 46.9376850 110.6
2024-02-03T12:48:11Z 17.8624190 46.9378210 110.8
2024-02-03T12:48:16Z 17.8627190 46.9380220 111.0
2024-02-03T12:48:21Z 17.8629680 46.9382240 111.2
2024-02-03T12:48:26Z 17.8632230 46.9384270 111.3
2024-02-03T12:48:31Z 17.8634520 46.9386030 111.4
2024-02-03T12:48:36Z 17.8636610 46.9387550 111.5
2024-02-03T12:48:41Z 17.8638750 46.9389340 111.5
2024-02-03T12:48:46Z 17.8641050 46.9391330 111.6
2024-02-03T12:48:51Z 17.8643500 46.9393170 111.6
2024-02-03T12:48:56Z 17.8646820 46.9395570 111.5
2024-02-03T12:49:01Z 17.8649870 46.9398030 111.5
2024-02-03T12:49:06Z 17.8653360 46.9400540 111.5
2024-02-03T12:49:11Z 17.8656620 46.9403300 111.5
2024-02-03T12:49:16Z 17.8659950 46.9406090 111.5
2024-02-03T12:49:21Z 17.8663300 46.9408800 111.5
2024-02-03T12:49:26Z 17.8666780 46.9411540 111.3
2024-02-03T12:49:31Z 17.8670140 46.9414240 110.9
2024-02-03T12:49:36Z 17.8673920 46.9416970 110.4
2024-02-03T12:49:41Z 17.8677680 46.9419860 109.8
2024-02-03T12:49:46Z 17.8681360 46.9422550 109.3
2024-02-03T12:49:51Z 17.8684860 46.9425630 109.1
2024-02-03T12:49:56Z 17.8688850 46.9428380 109.1
2024-02-03T12:50:01Z 17.8692010 46.9430580 109.0
2024-02-03T12:50:06Z 17.8695190 46.9432940 109.0
2024-02-03T12:50:11Z 17.8698560 46.9435310 109.0
2024-02-03T12:50:16Z 17.8702150 46.9437390 108.9
2024-02-03T12:50:21Z 17.8705770 46.9439480 108.9
2024-02-03T12:50:26Z 17.8709870 46.9441370 108.9
2024-02-03T12:50:31Z 17.8714120 46.9443120 108.7
2024-02-03T12:50:36Z 17.8718460 46.9444870 108.5
2024-02-03T12:50:41Z 17.8723360 46.9446490 108.1
2024-02-03T12:50:46Z 17.8728450 46.9447870 108.1
2024-02-03T12:50:51Z 17.8733580 46.9449300 108.2
2024-02-03T12:50:56Z 17.8738170 46.9450640 108.4
2024-02-03T12:51:01Z 17.8742640 46.9452050 108.7
2024-02-03T12:51:06Z 17.8746560 46.9453880 109.2
2024-02-03T12:51:11Z 17.8750010 46.9455720 109.7
2024-02-03T12:51:16Z 17.8753200 46.9457660 110.4
2024-02-03T12:51:21Z 17.8755990 46.9459480 111.1
2024-02-03T12:51:26Z 17.8758540 46.9461180 111.7
2024-02-03T12:51:31Z 17.8761030 46.9462720 112.2
2024-02-03T12:51:36Z 17.8764000 46.9464620 112.6
2024-02-03T12:51:41Z 17.8767400 46.9466660 112.9
2024-02-03T12:51:46Z 17.8770830 46.9468740 113.2
2024-02-03T12:51:51Z 17.8774210 46.9470840 113.4
2024-02-03T12:51:56Z 17.8777470 46.9472830 113.5
2024-02-03T12:52:01Z 17.8780150 46.9474460 113.6
2024-02-03T12:52:06Z 17.8781470 46.9475260 113.6
2024-02-03T12:52:11Z 17.8781960 46.9475610 113.6
2024-02-03T12:52:17Z 17.8780450 46.9474940 113.7
2024-02-03T12:52:22Z 17.8779480 46.9474180 113.7
2024-02-03T12:52:27Z 17.8778600 46.9473440 113.7
2024-02-03T12:52:32Z 17.8777760 46.9473140 113.7
2024-02-03T12:52:37Z 17.8778230 46.9473290 113.7
2024-02-03T12:54:45Z 17.8778700 46.9473440 113.8
2024-02-03T12:54:50Z 17.8779780 46.9474250 113.8
2024-02-03T12:54:55Z 17.8782200 46.9475880 113.9
2024-02-03T12:55:00Z 17.8784740 46.9477310 113.9
2024-02-03T12:55:05Z 17.8787180 46.9478880 114.1
2024-02-03T12:55:10Z 17.8789430 46.9479650 114.3
2024-02-03T12:55:15Z 17.8791510 46.9481170 114.3
2024-02-03T12:55:20Z 17.8794760 46.9482230 113.9
2024-02-03T12:55:25Z 17.8798400 46.9483680 113.5
2024-02-03T12:55:30Z 17.8802220 46.9485040 112.7
2024-02-03T12:55:35Z 17.8806400 46.9486330 111.8
2024-02-03T12:55:40Z 17.8810960 46.9488030 110.5
2024-02-03T12:55:45Z 17.8815600 46.9489810 109.6
2024-02-03T12:55:50Z 17.8820500 46.9491760 109.1
2024-02-03T12:55:55Z 17.8825630 46.9493570 108.7
2024-02-03T12:56:00Z 17.8829870 46.9495100 108.5
2024-02-03T12:56:05Z 17.8834250 46.9496470 108.2
2024-02-03T12:56:10Z 17.8838910 46.9498060 108.0
2024-02-03T12:56:15Z 17.8843410 46.9499080 108.0
2024-02-03T12:56:20Z 17.8847130 46.9500350 108.0
2024-02-03T12:56:25Z 17.8850900 46.9502080 108.0
2024-02-03T12:56:30Z 17.8855370 46.9503660 108.0
2024-02-03T12:56:35Z 17.8859780 46.9505120 108.0
2024-02-03T12:56:40Z 17.8864170 46.9506710 108.0
2024-02-03T12:56:45Z 17.8868950 46.9508550 108.1
2024-02-03T12:56:50Z 17.8873290 46.9510520 108.2
2024-02-03T12:56:55Z 17.8876550 46.9512160 108.2
2024-02-03T12:57:01Z 17.8879040 46.9512460 108.2
2024-02-03T12:57:06Z 17.8881430 46.9513410 107.9
2024-02-03T12:57:11Z 17.8885020 46.9515140 107.7
2024-02-03T12:57:16Z 17.8888970 46.9516890 107.8
2024-02-03T12:57:21Z 17.8892290 46.9518400 107.9
2024-02-03T12:57:26Z 17.8895030 46.9520200 107.9
2024-02-03T12:57:31Z 17.8897350 46.9521380 107.9
2024-02-03T12:57:36Z 17.8898670 46.9522750 108.0
2024-02-03T12:57:41Z 17.8901550 46.9524190 108.0
2024-02-03T12:57:46Z 17.8904870 46.9526090 108.0
2024-02-03T12:57:51Z 17.8908620 46.9528120 108.1
2024-02-03T12:57:56Z 17.8912000 46.9530080 108.1
2024-02-03T12:58:01Z 17.8914820 46.9531460 108.0
2024-02-03T12:58:07Z 17.8916770 46.9531610 108.0
2024-02-03T12:58:12Z 17.8918920 46.9531910 108.0
2024-02-03T12:58:17Z 17.8921610 46.9533150 108.0
2024-02-03T12:58:22Z 17.8923940 46.9534150 108.0
2024-02-03T12:58:27Z 17.8925560 46.9534330 108.0
2024-02-03T12:58:32Z 17.8926170 46.9534510 108.0
2024-02-03T12:58:37Z 17.8926140 46.9534490 108.0
2024-02-03T12:58:51Z 17.8926360 46.9534500 108.0
2024-02-03T12:58:56Z 17.8926740 46.9534550 108.0
2024-02-03T12:59:01Z 17.8927190 46.9534630 108.0
2024-02-03T12:59:06Z 17.8927900 46.9534780 108.0
2024-02-03T12:59:11Z 17.8929320 46.9535000 108.1
2024-02-03T12:59:16Z 17.8931340 46.9534870 108.1
2024-02-03T12:59:21Z 17.8932770 46.9534360 108.0
2024-02-03T12:59:26Z 17.8935270 46.9534010 107.9
2024-02-03T12:59:31Z 17.8938250 46.9534860 108.0
2024-02-03T12:59:37Z 17.8939360 46.9536710 108.0
2024-02-03T12:59:42Z 17.8941740 46.9538150 108.0
2024-02-03T12:59:47Z 17.8944770 46.9539230 108.0
2024-02-03T12:59:52Z 17.8946620 46.9539900 108.0
2024-02-03T12:59:57Z 17.8947650 46.9540220 108.0
2024-02-03T13:00:02Z 17.8948330 46.9540440 108.1
2024-02-03T13:00:07Z 17.8948450 46.9540430 108.1
2024-02-03T13:00:12Z 17.8948190 46.9540320 108.1
2024-02-03T13:00:17Z 17.8948190 46.9540100 108.1
2024-02-03T13:00:25Z 17.8948240 46.9539990 108.1
2024-02-03T13:00:30Z 17.8948650 46.9539620 108.1
2024-02-03T13:00:35Z 17.8948800 46.9539750 108.1
2024-02-03T13:00:40Z 17.8948800 46.9539830 108.1
2024-02-03T13:01:53Z 17.8948950 46.9540160 108.1
2024-02-03T13:01:58Z 17.8949070 46.9540650 108.1
2024-02-03T13:02:03Z 17.8949050 46.9540850 108.1
2024-02-03T13:02:08Z 17.8948940 46.9540910 108.1
2024-02-03T13:02:33Z 17.8949590 46.9541350 108.1
2024-02-03T13:02:38Z 17.8950880 46.9541210 108.1
2024-02-03T13:02:43Z 17.8952110 46.9541190 108.1
2024-02-03T13:02:48Z 17.8953620 46.9541310 108.1
2024-02-03T13:02:53Z 17.8955480 46.9541840 108.1
2024-02-03T13:02:58Z 17.8956630 46.9542150 108.1
2024-02-03T13:03:03Z 17.8957030 46.9542570 108.1
2024-02-03T13:03:08Z 17.8957400 46.9543160 108.1
2024-02-03T13:03:13Z 17.8957770 46.9543740 108.1
2024-02-03T13:03:29Z 17.8957840 46.9543860 108.1
2024-02-03T13:03:34Z 17.8958820 46.9544020 108.1
2024-02-03T13:03:39Z 17.8959080 46.9545260 108.1
2024-02-03T13:03:44Z 17.8960280 46.9545770 108.1
2024-02-03T13:03:49Z 17.8962820 46.9545830 108.1
2024-02-03T13:03:54Z 17.8964490 46.9546080 108.1
2024-02-03T13:03:59Z 17.8965770 46.9546200 108.1
2024-02-03T13:04:04Z 17.8967950 46.9546600 108.1
2024-02-03T13:04:09Z 17.8971500 46.9548030 108.0
2024-02-03T13:04:14Z 17.8975500 46.9549370 107.9
2024-02-03T13:04:19Z 17.8980160 46.9550840 107.8
2024-02-03T13:04:24Z 17.8984360 46.9552290 107.8
2024-02-03T13:04:29Z 17.8989050 46.9553920 107.7
2024-02-03T13:04:34Z 17.8993960 46.9555580 107.6
2024-02-03T13:04:39Z 17.8998870 46.9557400 107.6
2024-02-03T13:04:44Z 17.9004090 46.9559480 107.6
2024-02-03T13:04:49Z 17.9008560 46.9561320 107.6
2024-02-03T13:04:54Z 17.9012900 46.9562720 107.8
2024-02-03T13:04:59Z 17.9016280 46.9563890 107.8
2024-02-03T13:05:04Z 17.9020120 46.9566070 108.1
2024-02-03T13:05:09Z 17.9021490 46.9566650 108.2
2024-02-03T13:05:14Z 17.9023840 46.9567200 108.4
2024-02-03T13:05:19Z 17.9026050 46.9566740 108.5
2024-02-03T13:05:24Z 17.9027440 46.9566050 108.5
2024-02-03T13:05:29Z 17.9029140 46.9565900 108.4
2024-02-03T13:05:34Z 17.9029750 46.9566110 108.4
2024-02-03T13:07:26Z 17.9030240 46.9566290 108.4
2024-02-03T13:07:31Z 17.9031760 46.9566860 108.3
2024-02-03T13:07:36Z 17.9034460 46.9568170 108.5
2024-02-03T13:07:41Z 17.9037610 46.9569680 108.9
2024-02-03T13:07:46Z 17.9041050 46.9571080 109.4
2024-02-03T13:07:51Z 17.9045600 46.9571650 109.8
2024-02-03T13:07:56Z 17.9050220 46.9572170 110.0
2024-02-03T13:08:01Z 17.9055050 46.9572720 110.1
2024-02-03T13:08:06Z 17.9059710 46.9574100 110.4
2024-02-03T13:08:11Z 17.9063840 46.9575860 110.7
2024-02-03T13:08:16Z 17.9068160 46.9577680 111.0
2024-02-03T13:08:21Z 17.9072220 46.9579560 111.3
2024-02-03T13:08:26Z 17.9076120 46.9581090 111.5
2024-02-03T13:08:31Z 17.9080120 46.9582890 111.7
2024-02-03T13:08:36Z 17.9084000 46.9584500 111.9
2024-02-03T13:08:41Z 17.9087420 46.9585990 112.1
2024-02-03T13:08:46Z 17.9091140 46.9587430 112.1
2024-02-03T13:08:51Z 17.9095130 46.9588970 112.1
2024-02-03T13:08:56Z 17.9098530 46.9590500 112.2
2024-02-03T13:09:01Z 17.9101660 46.9591810 112.3
2024-02-03T13:09:06Z 17.9103400 46.9593590 112.5
2024-02-03T13:09:11Z 17.9102450 46.9595780 112.8
2024-02-03T13:09:16Z 17.9100350 46.9598180 113.2
2024-02-03T13:09:21Z 17.9098540 46.9600790 113.7
2024-02-03T13:09:26Z 17.9096470 46.9603320 114.2
2024-02-03T13:09:31Z 17.9094430 46.9605650 114.7
2024-02-03T13:09:36Z 17.9092510 46.9607810 115.3
2024-02-03T13:09:41Z 17.9090530 46.9610080 115.8
2024-02-03T13:09:46Z 17.9088420 46.9612390 116.5
2024-02-03T13:09:51Z 17.9086370 46.9614740 117.0
2024-02-03T13:09:56Z 17.9084370 46.9617180 117.6
2024-02-03T13:10:01Z 17.9082260 46.9619290 118.2
2024-02-03T13:10:06Z 17.9080260 46.9621560 119.0
2024-02-03T13:10:11Z 17.9078430 46.9623800 119.5
2024-02-03T13:10:16Z 17.9076730 46.9625780 120.0
2024-02-03T13:10:21Z 17.9075000 46.9627670 120.6
2024-02-03T13:10:26Z 17.9073600 46.9629320 121.2
2024-02-03T13:10:31Z 17.9072120 46.9631150 121.7
2024-02-03T13:10:36Z 17.9070440 46.9633170 122.4
2024-02-03T13:10:41Z 17.9068940 46.9634850 123.0
2024-02-03T13:10:46Z 17.9067020 46.9636520 123.5
2024-02-03T13:10:51Z 17.9064960 46.9637750 124.0
2024-02-03T13:10:56Z 17.9064230 46.9638900 124.4
2024-02-03T13:11:01Z 17.9063040 46.9640650 124.4
2024-02-03T13:11:06Z 17.9060990 46.9642190 125.2
2024-02-03T13:11:11Z 17.9059200 46.9643250 126.6
2024-02-03T13:11:16Z 17.9059720 46.9644450 127.5
2024-02-03T13:11:21Z 17.9060570 46.9645870 128.1
2024-02-03T13:11:26Z 17.9062020 46.9648110 128.6
2024-02-03T13:11:31Z 17.9063990 46.9650490 128.8
2024-02-03T13:11:36Z 17.9066050 46.9653110 128.7
2024-02-03T13:11:41Z 17.9068060 46.9655560 128.5
2024-02-03T13:11:46Z 17.9069570 46.9657750 128.4
2024-02-03T13:11:51Z 17.9071220 46.9660190 128.0
2024-02-03T13:11:56Z 17.9073290 46.9662030 127.9
2024-02-03T13:12:01Z 17.9074210 46.9664310 127.5
2024-02-03T13:12:06Z 17.9076390 46.9666980 126.9
2024-02-03T13:12:11Z 17.9078910 46.9669900 126.3
2024-02-03T13:12:16Z 17.9082030 46.9673040 125.7
2024-02-03T13:12:21Z 17.9085200 46.9676370 124.7
2024-02-03T13:12:26Z 17.9088660 46.9679950 123.5
2024-02-03T13:12:31Z 17.9091860 46.9683430 122.2
2024-02-03T13:12:36Z 17.9095660 46.9687080 120.9
2024-02-03T13:12:41Z 17.9099280 46.9690780 120.1
2024-02-03T13:12:46Z 17.9102830 46.9694030 119.6
2024-02-03T13:12:51Z 17.9107140 46.9695800 119.3
2024-02-03T13:12:56Z 17.9111840 46.9697310 118.5
2024-02-03T13:13:01Z 17.9114450 46.9699490 118.0
2024-02-03T13:13:06Z 17.9115310 46.9701910 117.3
2024-02-03T13:13:11Z 17.9119650 46.9704160 115.9
2024-02-03T13:13:16Z 17.9124720 46.9706590 114.5
2024-02-03T13:13:21Z 17.9129920 46.9709240 113.1
2024-02-03T13:13:26Z 17.9134990 46.9711710 112.0
2024-02-03T13:13:31Z 17.9140250 46.9714270 111.1
2024-02-03T13:13:36Z 17.9145930 46.9717130 110.4
2024-02-03T13:13:41Z 17.9151500 46.9719330 110.2
2024-02-03T13:13:46Z 17.9157160 46.9721320 110.1
2024-02-03T13:13:51Z 17.9162840 46.9722830 109.9
2024-02-03T13:13:56Z 17.9168980 46.9723900 109.7
2024-02-03T13:14:01Z 17.9175190 46.9724400 109.5
2024-02-03T13:14:06Z 17.9181480 46.9724720 109.4
2024-02-03T13:14:11Z 17.9186950 46.9725000 109.5
2024-02-03T13:14:16Z 17.9192340 46.9725200 109.5
2024-02-03T13:14:21Z 17.9197320 46.9725490 109.5
2024-02-03T13:14:26Z 17.9201360 46.9725790 109.6
2024-02-03T13:14:31Z 17.9205100 46.9726000 109.6
2024-02-03T13:14:36Z 17.9208210 46.9726120 109.5
2024-02-03T13:14:41Z 17.9210220 46.9725550 109.2
2024-02-03T13:14:46Z 17.9211130 46.9722920 108.2
2024-02-03T13:14:52Z 17.9213080 46.9722220 107.9
2024-02-03T13:14:57Z 17.9215140 46.9721920 107.7
2024-02-03T13:15:02Z 17.9215720 46.9719880 107.5
2024-02-03T13:15:07Z 17.9216680 46.9717410 107.4
2024-02-03T13:15:12Z 17.9217320 46.9715670 107.4
2024-02-03T13:15:17Z 17.9217980 46.9714270 107.5
2024-02-03T13:15:22Z 17.9218200 46.9711890 107.9
2024-02-03T13:15:27Z 17.9218650 46.9708910 108.2
2024-02-03T13:15:32Z 17.9219170 46.9705830 108.4
2024-02-03T13:15:37Z 17.9220110 46.9702830 108.2
2024-02-03T13:15:42Z 17.9221120 46.9699250 108.1
2024-02-03T13:15:47Z 17.9223500 46.9697100 108.1
2024-02-03T13:15:52Z 17.9227180 46.9696780 108.2
2024-02-03T13:15:57Z 17.9229410 46.9696530 108.3
2024-02-03T13:16:02Z 17.9232380 46.9696380 108.5
2024-02-03T13:16:07Z 17.9236230 46.9696540 108.8
2024-02-03T13:16:12Z 17.9240260 46.9696920 109.1
2024-02-03T13:16:17Z 17.9245030 46.9697290 109.3
2024-02-03T13:16:22Z 17.9249420 46.9697810 109.4
2024-02-03T13:16:27Z 17.9251360 46.9697280 109.3
2024-02-03T13:16:33Z 17.9251990 46.9694560 109.0
2024-02-03T13:16:38Z 17.9252910 46.9691300 109.1
2024-02-03T13:16:43Z 17.9253730 46.9688330 109.7
2024-02-03T13:16:48Z 17.9254560 46.9685970 110.0
2024-02-03T13:16:53Z 17.9255480 46.9684580 109.5
2024-02-03T13:16:58Z 17.9255080 46.9682770 108.6
2024-02-03T13:17:03Z 17.9254130 46.9680330 107.5
2024-02-03T13:17:08Z 17.9253790 46.9678330 107.0
2024-02-03T13:17:13Z 17.9257070 46.9676640 106.6
2024-02-03T13:17:18Z 17.9260410 46.9674880 106.6
2024-02-03T13:17:23Z 17.9263780 46.9673220 106.7
2024-02-03T13:17:28Z 17.9267410 46.9671120 106.8
2024-02-03T13:17:33Z 17.9270490 46.9668640 107.1
2024-02-03T13:17:38Z 17.9273960 46.9666920 107.3
2024-02-03T13:17:43Z 17.9277870 46.9665250 107.3
2024-02-03T13:17:48Z 17.9281820 46.9663670 107.2
2024-02-03T13:17:53Z 17.9285930 46.9664350 107.1
2024-02-03T13:17:58Z 17.9290340 46.9666200 107.1
2024-02-03T13:18:03Z 17.9295260 46.9668190 107.1
2024-02-03T13:18:08Z 17.9300250 46.9670230 107.0
2024-02-03T13:18:13Z 17.9304980 46.9671720 107.2
2024-02-03T13:18:18Z 17.9308720 46.9673150 107.2
2024-02-03T13:18:23Z 17.9312790 46.9674180 107.1
2024-02-03T13:18:28Z 17.9317030 46.9675470 107.0
2024-02-03T13:18:33Z 17.9321260 46.9676680 107.1
2024-02-03T13:18:38Z 17.9325320 46.9678620 107.1
2024-02-03T13:18:43Z 17.9329220 46.9680520 107.1
2024-02-03T13:18:48Z 17.9333060 46.9682380 107.0
2024-02-03T13:18:53Z 17.9335230 46.9683990 106.9
2024-02-03T13:18:58Z 17.9338160 46.9685710 106.9
2024-02-03T13:19:03Z 17.9341710 46.9687380 106.9
2024-02-03T13:19:08Z 17.9345160 46.9689000 107.0
2024-02-03T13:19:13Z 17.9348400 46.9690540 107.1
2024-02-03T13:19:18Z 17.9351110 46.9691660 107.1
2024-02-03T13:19:23Z 17.9353320 46.9692550 107.2
2024-02-03T13:19:28Z 17.9354960 46.9693580 107.3
2024-02-03T13:19:33Z 17.9355880 46.9695370 107.4
2024-02-03T13:19:38Z 17.9354840 46.9697090 107.6
2024-02-03T13:19:43Z 17.9352830 46.9699230 108.0
2024-02-03T13:19:48Z 17.9351250 46.9701260 108.5
2024-02-03T13:19:53Z 17.9349260 46.9703430 109.0
2024-02-03T13:19:58Z 17.9347130 46.9705600 109.8
2024-02-03T13:20:03Z 17.9344960 46.9707910 110.6
2024-02-03T13:20:08Z 17.9342830 46.9710180 111.5
2024-02-03T13:20:13Z 17.9341520 46.9711620 112.1
2024-02-03T13:20:18Z 17.9339900 46.9713460 112.9
2024-02-03T13:20:23Z 17.9338290 46.9715120 113.7
2024-02-03T13:20:28Z 17.9336610 46.9716830 114.1
2024-02-03T13:20:33Z 17.9334760 46.9718630 114.6
2024-02-03T13:20:38Z 17.9333260 46.9720360 115.0
2024-02-03T13:20:44Z 17.9331710 46.9722350 115.4
2024-02-03T13:20:49Z 17.9329470 46.9724750 115.7
2024-02-03T13:20:54Z 17.9327510 46.9726570 116.0
2024-02-03T13:20:59Z 17.9325870 46.9728580 116.3
2024-02-03T13:21:04Z 17.9324120 46.9730380 116.7
2024-02-03T13:21:09Z 17.9322060 46.9732400 117.1
2024-02-03T13:21:14Z 17.9320930 46.9734030 117.4
2024-02-03T13:21:19Z 17.9319740 46.9735220 117.5
2024-02-03T13:21:24Z 17.9318240 46.9736880 117.8
2024-02-03T13:21:29Z 17.9316560 46.9738580 118.0
2024-02-03T13:21:34Z 17.9315240 46.9740030 118.1
2024-02-03T13:21:39Z 17.9314380 46.9741400 118.3
2024-02-03T13:21:44Z 17.9314080 46.9742260 118.3
2024-02-03T13:21:49Z 17.9313180 46.9742800 118.4
2024-02-03T13:21:54Z 17.9312130 46.9743390 118.4
2024-02-03T13:22:25Z 17.9311920 46.9743510 118.4
2024-02-03T13:22:30Z 17.9311900 46.9744430 118.6
2024-02-03T13:22:35Z 17.9312390 46.9744740 118.6
2024-02-03T13:22:40Z 17.9312570 46.9744840 118.6
2024-02-03T13:22:45Z 17.9312470 46.9745090 118.7
2024-02-03T13:22:50Z 17.9313370 46.9745050 118.7
2024-02-03T13:22:55Z 17.9313280 46.9745400 118.7
2024-02-03T13:23:00Z 17.9313140 46.9745490 118.7
2024-02-03T13:23:05Z 17.9312930 46.9745690 118.7
2024-02-03T13:23:10Z 17.9312450 46.9745900 118.7
2024-02-03T13:23:15Z 17.9311680 46.9746050 118.8
2024-02-03T13:23:20Z 17.9310920 46.9745970 118.8
2024-02-03T13:23:25Z 17.9310350 46.9746190 118.8
2024-02-03T13:23:30Z 17.9309800 46.9746500 118.9
2024-02-03T13:23:35Z 17.9309300 46.9746850 118.9
2024-02-03T13:23:40Z 17.9309110 46.9747260 118.9
2024-02-03T13:23:45Z 17.9309050 46.9747440 118.9
2024-02-03T13:23:50Z 17.9308940 46.9747550 118.9
2024-02-03T13:23:55Z 17.9308720 46.9747530 118.9
2024-02-03T13:24:00Z 17.9308390 46.9747690 118.9
2024-02-03T13:29:04Z 17.9309480 46.9748590 118.8
2024-02-03T13:29:09Z 17.9309990 46.9749110 118.7
2024-02-03T13:29:14Z 17.9309870 46.9749220 118.6
2024-02-03T13:29:19Z 17.9309840 46.9749120 118.5
2024-02-03T13:33:54Z 17.9318600 46.9750000 117.5
2024-02-03T13:33:59Z 17.9319010 46.9750080 117.3
2024-02-03T13:34:04Z 17.9317090 46.9749640 117.9
2024-02-03T13:34:09Z 17.9315850 46.9749350 118.0
2024-02-03T13:34:14Z 17.9315180 46.9749280 118.0
2024-02-03T13:34:19Z 17.9313950 46.9749200 118.0
2024-02-03T13:34:24Z 17.9315890 46.9749610 118.1
2024-02-03T13:34:29Z 17.9314990 46.9749580 118.1
2024-02-03T13:34:34Z 17.9314470 46.9749410 118.1
2024-02-03T13:34:39Z 17.9313650 46.9749200 118.1
2024-02-03T13:34:56Z 17.9311920 46.9748930 118.2
2024-02-03T13:35:01Z 17.9311270 46.9749130 118.3
2024-02-03T13:35:06Z 17.9310550 46.9749060 118.4
2024-02-03T13:35:11Z 17.9309980 46.9749050 118.5
2024-02-03T13:35:48Z 17.9308580 46.9748880 118.6
2024-02-03T13:35:53Z 17.9308590 46.9748820 118.6
2024-02-03T13:35:58Z 17.9308760 46.9748700 118.6
2024-02-03T13:36:03Z 17.9309070 46.9748470 118.7
2024-02-03T13:36:08Z 17.9309180 46.9748320 118.7
2024-02-03T13:37:30Z 17.9309470 46.9748350 118.7
2024-02-03T13:37:35Z 17.9308800 46.9748530 118.8
2024-02-03T13:37:40Z 17.9308260 46.9747980 118.8
2024-02-03T13:37:45Z 17.9308640 46.9747400 118.8
2024-02-03T13:37:50Z 17.9309460 46.9747010 118.7
2024-02-03T13:37:55Z 17.9311050 46.9747180 118.6
2024-02-03T13:38:00Z 17.9312490 46.9747570 118.4
2024-02-03T13:38:05Z 17.9313210 46.9747840 118.3
2024-02-03T13:38:10Z 17.9313580 46.9747960 118.2
2024-02-03T13:38:15Z 17.9314010 46.9748090 118.2
2024-02-03T13:38:20Z 17.9313980 46.9748010 118.3
2024-02-03T13:38:25Z 17.9313140 46.9747620 118.6
2024-02-03T13:39:13Z 17.9311760 46.9746150 118.7
2024-02-03T13:39:18Z 17.9311290 46.9745930 118.6
2024-02-03T13:39:23Z 17.9311750 46.9745530 118.6
2024-02-03T13:39:28Z 17.9312060 46.9745220 118.5
2024-02-03T13:39:33Z 17.9312560 46.9745150 118.5
2024-02-03T13:39:38Z 17.9313010 46.9745040 118.4
2024-02-03T13:39:43Z 17.9313620 46.9744590 118.3
2024-02-03T13:39:48Z 17.9313530 46.9744140 118.3
2024-02-03T13:39:53Z 17.9313770 46.9744130 118.4
2024-02-03T13:39:58Z 17.9313920 46.9744220 118.4
2024-02-03T13:40:11Z 17.9313840 46.9743930 118.5
2024-02-03T13:40:16Z 17.9313740 46.9743620 118.5
2024-02-03T13:40:21Z 17.9314080 46.9742180 118.3
2024-02-03T13:40:26Z 17.9316080 46.9742370 117.9
2024-02-03T13:40:31Z 17.9319820 46.9743940 117.0
2024-02-03T13:40:36Z 17.9324650 46.9746000 115.7
2024-02-03T13:40:41Z 17.9329140 46.9747770 114.7
2024-02-03T13:40:46Z 17.9333560 46.9749560 113.8
2024-02-03T13:40:51Z 17.9336770 46.9750970 113.6
2024-02-03T13:40:56Z 17.9338180 46.9751480 113.8
2024-02-03T13:41:01Z 17.9337620 46.9752590 113.7
2024-02-03T13:41:07Z 17.9336770 46.9753790 113.7
2024-02-03T13:41:12Z 17.9336390 46.9754420 113.6
2024-02-03T13:41:17Z 17.9335890 46.9754500 113.6
2024-02-03T13:41:22Z 17.9337050 46.9753180 113.7
2024-02-03T13:41:27Z 17.9339490 46.9750880 113.7
2024-02-03T13:41:32Z 17.9341900 46.9748060 113.4
2024-02-03T13:41:37Z 17.9344320 46.9745320 113.0
2024-02-03T13:41:42Z 17.9346700 46.9742770 112.5
2024-02-03T13:41:47Z 17.9347970 46.9741590 112.3
2024-02-03T13:41:52Z 17.9348860 46.9741990 112.1
2024-02-03T13:41:57Z 17.9351410 46.9743150 111.5
2024-02-03T13:42:02Z 17.9354860 46.9744470 111.3
2024-02-03T13:42:07Z 17.9357960 46.9745700 110.9
2024-02-03T13:42:12Z 17.9361550 46.9747180 110.3
2024-02-03T13:42:17Z 17.9363840 46.9748360 110.2
2024-02-03T13:42:22Z 17.9364910 46.9749260 110.4
2024-02-03T13:42:27Z 17.9363280 46.9751280 110.6
2024-02-03T13:42:32Z 17.9360900 46.9753920 110.8
2024-02-03T13:42:37Z 17.9358350 46.9756850 110.9
2024-02-03T13:42:42Z 17.9355700 46.9759560 111.0
2024-02-03T13:42:47Z 17.9353520 46.9761940 111.0
2024-02-03T13:42:52Z 17.9353900 46.9763460 110.9
2024-02-03T13:42:57Z 17.9356070 46.9765910 110.5
2024-02-03T13:43:02Z 17.9360030 46.9768060 110.0
2024-02-03T13:43:07Z 17.9364420 46.9770360 109.8
2024-02-03T13:43:12Z 17.9368760 46.9772670 109.8
2024-02-03T13:43:17Z 17.9372950 46.9774520 109.4
2024-02-03T13:43:22Z 17.9377750 46.9776580 109.0
2024-02-03T13:43:27Z 17.9383040 46.9778630 108.7
2024-02-03T13:43:32Z 17.9388400 46.9780680 108.6
2024-02-03T13:43:37Z 17.9393670 46.9782690 108.7
2024-02-03T13:43:42Z 17.9398840 46.9784670 109.0
2024-02-03T13:43:47Z 17.9403810 46.9786270 109.3
2024-02-03T13:43:52Z 17.9408550 46.9788170 109.1
2024-02-03T13:43:57Z 17.9413720 46.9789690 109.0
2024-02-03T13:44:02Z 17.9419340 46.9791110 109.0
2024-02-03T13:44:07Z 17.9424790 46.9792140 109.4
2024-02-03T13:44:12Z 17.9429450 46.9792990 109.4
2024-02-03T13:44:17Z 17.9433380 46.9793590 109.4
2024-02-03T13:44:22Z 17.9438630 46.9793960 109.7
2024-02-03T13:44:27Z 17.9442200 46.9793470 109.7
2024-02-03T13:44:32Z 17.9446400 46.9793610 109.5
2024-02-03T13:44:37Z 17.9451490 46.9793780 109.4
2024-02-03T13:44:42Z 17.9456830 46.9793270 109.3
2024-02-03T13:44:47Z 17.9462310 46.9792460 109.2
2024-02-03T13:44:52Z 17.9467770 46.9791660 109.4
2024-02-03T13:44:57Z 17.9473250 46.9790620 109.5
2024-02-03T13:45:02Z 17.9478470 46.9789000 109.5
2024-02-03T13:45:07Z 17.9483990 46.9787860 109.4
2024-02-03T13:45:12Z 17.9489340 46.9786280 109.4
2024-02-03T13:45:17Z 17.9494530 46.9784540 109.4
2024-02-03T13:45:22Z 17.9498780 46.9782120 109.3
2024-02-03T13:45:27Z 17.9502160 46.9779250 109.1
2024-02-03T13:45:32Z 17.9505520 46.9776490 108.7
2024-02-03T13:45:37Z 17.9509200 46.9774260 108.4
2024-02-03T13:45:42Z 17.9513110 46.9772960 108.2
2024-02-03T13:45:47Z 17.9516140 46.9771280 108.3
2024-02-03T13:45:52Z 17.9520250 46.9769760 108.4
2024-02-03T13:45:57Z 17.9525180 46.9768780 108.8
2024-02-03T13:46:02Z 17.9529770 46.9768160 109.3
2024-02-03T13:46:07Z 17.9534890 46.9768060 109.7
2024-02-03T13:46:12Z 17.9539760 46.9768470 110.0
2024-02-03T13:46:17Z 17.9545010 46.9769010 110.3
2024-02-03T13:46:22Z 17.9550110 46.9769850 110.7
2024-02-03T13:46:27Z 17.9554570 46.9771440 111.0
2024-02-03T13:46:32Z 17.9558700 46.9773310 111.3
2024-02-03T13:46:37Z 17.9563030 46.9775380 111.5
2024-02-03T13:46:42Z 17.9567120 46.9777270 111.6
2024-02-03T13:46:47Z 17.9571470 46.9779340 111.8
2024-02-03T13:46:52Z 17.9576100 46.9781580 112.0
2024-02-03T13:46:57Z 17.9580920 46.9783940 112.2
2024-02-03T13:47:02Z 17.9585660 46.9786320 112.5
2024-02-03T13:47:07Z 17.9590130 46.9788570 112.7
2024-02-03T13:47:12Z 17.9594620 46.9790760 112.8
2024-02-03T13:47:17Z 17.9598920 46.9792920 112.7
2024-02-03T13:47:22Z 17.9602790 46.9795110 112.5
2024-02-03T13:47:27Z 17.9606840 46.9797230 112.3
2024-02-03T13:47:32Z 17.9611610 46.9799270 112.1
2024-02-03T13:47:37Z 17.9616770 46.9801050 111.7
2024-02-03T13:47:42Z 17.9622580 46.9802080 111.2
2024-02-03T13:47:47Z 17.9628640 46.9802490 110.9
2024-02-03T13:47:52Z 17.9634170 46.9804050 110.6
2024-02-03T13:47:57Z 17.9638060 46.9806540 110.5
2024-02-03T13:48:02Z 17.9640140 46.9809470 110.4
2024-02-03T13:48:07Z 17.9641240 46.9812260 110.4
2024-02-03T13:48:12Z 17.9644590 46.9814440 110.1
2024-02-03T13:48:17Z 17.9648900 46.9816340 109.8
2024-02-03T13:48:22Z 17.9653660 46.9817680 109.8
2024-02-03T13:48:27Z 17.9658010 46.9820230 109.8
2024-02-03T13:48:32Z 17.9659660 46.9821600 109.7
2024-02-03T13:48:37Z 17.9662920 46.9823390 109.3
2024-02-03T13:48:42Z 17.9668190 46.9824160 108.8
2024-02-03T13:48:47Z 17.9673880 46.9825900 108.4
2024-02-03T13:48:52Z 17.9679210 46.9827530 108.0
2024-02-03T13:48:57Z 17.9683910 46.9828560 107.8
2024-02-03T13:49:02Z 17.9687430 46.9830980 107.9
2024-02-03T13:49:07Z 17.9692340 46.9832720 107.9
2024-02-03T13:49:12Z 17.9697250 46.9834260 108.0
2024-02-03T13:49:17Z 17.9701690 46.9835690 108.0
2024-02-03T13:49:22Z 17.9706520 46.9837000 108.0
2024-02-03T13:49:27Z 17.9711850 46.9838350 107.8
2024-02-03T13:49:32Z 17.9717060 46.9839720 107.7
2024-02-03T13:49:37Z 17.9722540 46.9840790 107.6
2024-02-03T13:49:42Z 17.9728000 46.9841980 107.5
2024-02-03T13:49:47Z 17.9733080 46.9843120 107.8
2024-02-03T13:49:52Z 17.9738170 46.9843970 107.9
2024-02-03T13:49:57Z 17.9743400 46.9844720 107.8
2024-02-03T13:50:02Z 17.9748680 46.9845430 107.8
2024-02-03T13:50:07Z 17.9753730 46.9846070 107.8
2024-02-03T13:50:12Z 17.9758730 46.9846810 107.9
2024-02-03T13:50:17Z 17.9763580 46.9847280 107.8
2024-02-03T13:50:22Z 17.9768380 46.9847920 107.8
2024-02-03T13:50:27Z 17.9772140 46.9848990 107.9
2024-02-03T13:50:32Z 17.9775080 46.9850310 108.0
2024-02-03T13:50:37Z 17.9778240 46.9850880 108.0
2024-02-03T13:50:42Z 17.9782050 46.9851300 108.1
2024-02-03T13:50:47Z 17.9785810 46.9851660 108.1
2024-02-03T13:50:52Z 17.9789160 46.9852070 108.2
2024-02-03T13:50:58Z 17.9792270 46.9852600 108.3
2024-02-03T13:51:03Z 17.9793070 46.9854350 108.5
2024-02-03T13:51:08Z 17.9793010 46.9856100 108.9
2024-02-03T13:51:13Z 17.9794070 46.9856530 109.3
2024-02-03T13:51:18Z 17.9796190 46.9857160 109.5
2024-02-03T13:51:23Z 17.9799680 46.9857880 109.5
2024-02-03T13:51:28Z 17.9803050 46.9858850 109.5
2024-02-03T13:51:33Z 17.9807400 46.9860240 109.3
2024-02-03T13:51:38Z 17.9810730 46.9861410 109.3
2024-02-03T13:51:43Z 17.9813290 46.9862070 109.3
2024-02-03T13:51:48Z 17.9817100 46.9862800 109.3
2024-02-03T13:51:53Z 17.9820760 46.9863830 109.4
2024-02-03T13:51:58Z 17.9822920 46.9864370 109.4
2024-02-03T13:52:04Z 17.9822790 46.9865490 109.4
2024-02-03T13:52:09Z 17.9821280 46.9865580 109.4
2024-02-03T13:52:14Z 17.9819320 46.9865320 109.4
2024-02-03T13:52:19Z 17.9818790 46.9866430 109.5
2024-02-03T13:52:24Z 17.9817040 46.9866350 109.5
2024-02-03T13:52:29Z 17.9815010 46.9865760 109.5
2024-02-03T13:52:34Z 17.9812890 46.9866500 109.7
2024-02-03T13:52:39Z 17.9811730 46.9866780 109.8
2024-02-03T13:52:44Z 17.9810410 46.9868230 110.0
2024-02-03T13:52:49Z 17.9807930 46.9870170 110.5
2024-02-03T13:52:55Z 17.9806310 46.9871820 111.0
2024-02-03T13:53:00Z 17.9805910 46.9871870 111.1
2024-02-03T13:53:05Z 17.9805510 46.9871880 111.1
2024-02-03T13:53:10Z 17.9803840 46.9871580 110.9
2024-02-03T13:53:15Z 17.9800430 46.9870390 110.6
2024-02-03T13:53:20Z 17.9796740 46.9869390 110.5
2024-02-03T13:53:25Z 17.9793860 46.9868720 110.4
2024-02-03T13:53:30Z 17.9791090 46.9867790 111.0
2024-02-03T13:53:35Z 17.9788670 46.9867390 111.9
2024-02-03T13:53:40Z 17.9787530 46.9867130 112.5
2024-02-03T13:53:45Z 17.9786550 46.9867990 112.8
2024-02-03T13:53:50Z 17.9785340 46.9869470 113.1
2024-02-03T13:53:55Z 17.9783810 46.9871810 113.7
2024-02-03T13:54:00Z 17.9782390 46.9873940 114.3
2024-02-03T13:54:05Z 17.9780970 46.9876000 114.8
2024-02-03T13:54:11Z 17.9779380 46.9878500 115.6
2024-02-03T13:54:16Z 17.9777940 46.9880430 116.2
2024-02-03T13:54:21Z 17.9777110 46.9882350 116.7
2024-02-03T13:54:26Z 17.9776100 46.9884180 117.1
2024-02-03T13:54:31Z 17.9775550 46.9886260 117.6
2024-02-03T13:54:36Z 17.9773770 46.9887860 118.3
2024-02-03T13:54:41Z 17.9772420 46.9889470 118.9
2024-02-03T13:54:46Z 17.9771540 46.9891010 119.5
2024-02-03T13:54:51Z 17.9770590 46.9892520 120.2
2024-02-03T13:54:56Z 17.9769320 46.9894150 121.0
2024-02-03T13:55:01Z 17.9768640 46.9895650 121.8
2024-02-03T13:55:06Z 17.9767260 46.9897260 122.6
2024-02-03T13:55:11Z 17.9766020 46.9899240 123.5
2024-02-03T13:55:17Z 17.9764910 46.9900910 124.3
2024-02-03T13:55:22Z 17.9763580 46.9902720 125.1
2024-02-03T13:55:27Z 17.9762240 46.9904660 125.8
2024-02-03T13:55:32Z 17.9761000 46.9906550 126.5
2024-02-03T13:55:37Z 17.9758900 46.9907490 126.3
2024-02-03T13:55:42Z 17.9756020 46.9906620 125.9
2024-02-03T13:55:47Z 17.9753440 46.9905750 125.7
2024-02-03T13:55:52Z 17.9750780 46.9904810 125.6
2024-02-03T13:55:57Z 17.9748380 46.9904060 125.4
2024-02-03T13:56:02Z 17.9746950 46.9904480 125.5
2024-02-03T13:56:07Z 17.9746210 46.9905710 125.9
2024-02-03T13:56:12Z 17.9745100 46.9907390 126.8
2024-02-03T13:56:17Z 17.9743900 46.9909040 128.0
2024-02-03T13:56:22Z 17.9742870 46.9910530 129.3
2024-02-03T13:56:27Z 17.9741390 46.9912380 130.7
2024-02-03T13:56:32Z 17.9740540 46.9913540 131.6
2024-02-03T13:56:37Z 17.9738320 46.9913360 131.6
2024-02-03T13:56:42Z 17.9735520 46.9912630 131.3
2024-02-03T13:56:47Z 17.9732830 46.9911820 130.8
2024-02-03T13:56:52Z 17.9729770 46.9911130 130.5
2024-02-03T13:56:57Z 17.9728560 46.9910820 130.4
2024-02-03T13:57:02Z 17.9728670 46.9910860 130.4
2024-02-03T13:57:07Z 17.9728180 46.9910460 130.3
2024-02-03T13:57:12Z 17.9728410 46.9909350 130.2
2024-02-03T13:57:17Z 17.9729200 46.9907780 129.2
2024-02-03T13:57:22Z 17.9729930 46.9906710 128.5
2024-02-03T13:57:27Z 17.9731110 46.9904830 127.4
2024-02-03T13:57:32Z 17.9730210 46.9904030 126.9
2024-02-03T13:57:37Z 17.9730160 46.9904050 126.8
