Evening Run 14 09 2023 ultraboost
2023-09-14T17:15:04Z 19.058335 47.488483 114.00
2023-09-14T17:15:09Z 19.058329 47.488398 114.00
2023-09-14T17:15:14Z 19.058537 47.488362 113.30
2023-09-14T17:15:19Z 19.058816 47.488212 113.50
2023-09-14T17:15:24Z 19.058739 47.488078 113.40
2023-09-14T17:15:29Z 19.058620 47.487981 113.40
2023-09-14T17:15:34Z 19.058421 47.487889 113.60
2023-09-14T17:15:39Z 19.058219 47.487816 114.50
2023-09-14T17:15:44Z 19.058043 47.487744 115.40
2023-09-14T17:15:49Z 19.057846 47.487654 116.40
2023-09-14T17:15:54Z 19.057725 47.487588 116.40
2023-09-14T17:15:59Z 19.057562 47.487539 116.80
2023-09-14T17:16:04Z 19.057381 47.487462 116.90
2023-09-14T17:16:09Z 19.057241 47.487367 116.60
2023-09-14T17:16:14Z 19.057115 47.487270 115.60
2023-09-14T17:16:20Z 19.057055 47.487210 114.80
2023-09-14T17:16:25Z 19.056944 47.487110 112.90
2023-09-14T17:16:38Z 19.056882 47.487088 112.90
2023-09-14T17:16:43Z 19.056823 47.487018 112.90
2023-09-14T17:16:48Z 19.056836 47.486954 113.00
2023-09-14T17:16:54Z 19.056768 47.486846 112.40
2023-09-14T17:16:59Z 19.056568 47.486744 112.40
2023-09-14T17:17:04Z 19.056375 47.486634 112.80
2023-09-14T17:17:09Z 19.056233 47.486542 113.20
2023-09-14T17:17:14Z 19.056078 47.486479 113.60
2023-09-14T17:17:19Z 19.055924 47.486403 114.00
2023-09-14T17:17:24Z 19.055867 47.486375 114.10
2023-09-14T17:17:29Z 19.055820 47.486331 114.30
2023-09-14T17:17:34Z 19.055713 47.486274 114.50
2023-09-14T17:17:39Z 19.055592 47.486227 114.80
2023-09-14T17:17:44Z 19.055539 47.486199 114.90
2023-09-14T17:17:49Z 19.055452 47.486154 115.10
2023-09-14T17:17:54Z 19.055361 47.486105 115.30
2023-09-14T17:17:59Z 19.055232 47.486037 115.50
2023-09-14T17:18:04Z 19.055104 47.485969 115.70
2023-09-14T17:18:09Z 19.054942 47.485883 115.90
2023-09-14T17:18:14Z 19.054760 47.485787 115.90
2023-09-14T17:18:19Z 19.054635 47.485722 115.80
2023-09-14T17:18:24Z 19.054482 47.485645 115.60
2023-09-14T17:18:29Z 19.054287 47.485545 115.30
2023-09-14T17:18:34Z 19.054092 47.485445 114.90
2023-09-14T17:18:39Z 19.053908 47.485351 114.40
2023-09-14T17:18:44Z 19.053742 47.485266 114.00
2023-09-14T17:18:49Z 19.053567 47.485177 113.60
2023-09-14T17:18:54Z 19.053409 47.485093 113.20
2023-09-14T17:18:59Z 19.053264 47.485016 113.00
2023-09-14T17:19:04Z 19.053099 47.484935 112.80
2023-09-14T17:19:09Z 19.053024 47.484885 112.50
2023-09-14T17:19:14Z 19.052954 47.484873 112.30
2023-09-14T17:19:24Z 19.052975 47.484829 112.60
2023-09-14T17:19:38Z 19.052886 47.484804 112.90
2023-09-14T17:19:43Z 19.052699 47.484717 113.40
2023-09-14T17:19:48Z 19.052513 47.484631 113.90
2023-09-14T17:19:53Z 19.052368 47.484517 114.50
2023-09-14T17:19:58Z 19.052206 47.484444 115.20
2023-09-14T17:20:03Z 19.052014 47.484393 116.00
2023-09-14T17:20:08Z 19.051859 47.484351 116.70
2023-09-14T17:20:13Z 19.051708 47.484312 117.60
2023-09-14T17:20:18Z 19.051556 47.484275 118.70
2023-09-14T17:20:23Z 19.051391 47.484237 119.90
2023-09-14T17:20:28Z 19.051259 47.484211 120.90
2023-09-14T17:20:33Z 19.051119 47.484185 121.80
2023-09-14T17:20:38Z 19.050932 47.484149 123.10
2023-09-14T17:20:43Z 19.050802 47.484121 124.00
2023-09-14T17:20:48Z 19.050681 47.484094 124.80
2023-09-14T17:20:53Z 19.050522 47.484059 125.90
2023-09-14T17:20:58Z 19.050389 47.484020 126.80
2023-09-14T17:21:03Z 19.050218 47.483944 128.00
2023-09-14T17:21:08Z 19.050092 47.483844 129.10
2023-09-14T17:21:13Z 19.050024 47.483756 129.50
2023-09-14T17:21:18Z 19.049951 47.483633 130.20
2023-09-14T17:21:23Z 19.049924 47.483564 130.70
2023-09-14T17:21:28Z 19.049904 47.483484 131.20
2023-09-14T17:21:33Z 19.049874 47.483356 132.20
2023-09-14T17:21:38Z 19.049837 47.483193 133.70
2023-09-14T17:21:43Z 19.049802 47.483041 135.10
2023-09-14T17:21:48Z 19.049775 47.482922 135.30
2023-09-14T17:21:53Z 19.049751 47.482822 134.70
2023-09-14T17:21:58Z 19.049717 47.482699 133.60
2023-09-14T17:22:03Z 19.049663 47.482558 132.20
2023-09-14T17:22:08Z 19.049623 47.482483 131.60
2023-09-14T17:22:13Z 19.049586 47.482396 131.20
2023-09-14T17:22:18Z 19.049551 47.482292 131.10
2023-09-14T17:22:23Z 19.049513 47.482152 131.40
2023-09-14T17:22:28Z 19.049493 47.482046 131.70
2023-09-14T17:22:33Z 19.049479 47.481906 132.20
2023-09-14T17:22:38Z 19.049476 47.481796 132.40
2023-09-14T17:22:43Z 19.049483 47.481665 132.70
2023-09-14T17:22:48Z 19.049500 47.481535 132.80
2023-09-14T17:22:53Z 19.049519 47.481430 132.80
2023-09-14T17:22:58Z 19.049554 47.481297 132.60
2023-09-14T17:23:03Z 19.049591 47.481156 132.40
2023-09-14T17:23:08Z 19.049629 47.481011 132.20
2023-09-14T17:23:13Z 19.049671 47.480879 132.40
2023-09-14T17:23:18Z 19.049636 47.480751 132.80
2023-09-14T17:23:23Z 19.049592 47.480650 133.10
2023-09-14T17:23:28Z 19.049550 47.480539 133.30
2023-09-14T17:23:33Z 19.049512 47.480444 133.30
2023-09-14T17:23:38Z 19.049481 47.480321 133.20
2023-09-14T17:23:43Z 19.049476 47.480219 133.00
2023-09-14T17:23:48Z 19.049444 47.480102 132.40
2023-09-14T17:23:53Z 19.049413 47.480012 131.60
2023-09-14T17:23:58Z 19.049341 47.479917 130.40
2023-09-14T17:24:03Z 19.049232 47.479844 129.20
2023-09-14T17:24:08Z 19.049090 47.479761 127.60
2023-09-14T17:24:13Z 19.048975 47.479702 126.60
2023-09-14T17:24:18Z 19.048827 47.479648 126.10
2023-09-14T17:24:23Z 19.048693 47.479659 126.30
2023-09-14T17:24:28Z 19.048507 47.479682 126.90
2023-09-14T17:24:33Z 19.048346 47.479700 127.70
2023-09-14T17:24:38Z 19.048166 47.479723 128.80
2023-09-14T17:24:43Z 19.048020 47.479761 129.80
2023-09-14T17:24:48Z 19.047887 47.479840 131.90
2023-09-14T17:24:53Z 19.047828 47.479915 132.80
2023-09-14T17:24:58Z 19.047782 47.480001 133.80
2023-09-14T17:25:03Z 19.047747 47.480082 134.80
2023-09-14T17:25:08Z 19.047708 47.480190 135.90
2023-09-14T17:25:13Z 19.047668 47.480275 136.80
2023-09-14T17:25:18Z 19.047623 47.480350 137.60
2023-09-14T17:25:23Z 19.047613 47.480424 138.30
2023-09-14T17:25:48Z 19.047583 47.480480 139.50
2023-09-14T17:25:53Z 19.047548 47.480559 140.00
2023-09-14T17:25:58Z 19.047520 47.480643 140.80
2023-09-14T17:26:03Z 19.047453 47.480726 142.30
2023-09-14T17:26:08Z 19.047377 47.480753 143.30
2023-09-14T17:26:24Z 19.047310 47.480781 146.30
2023-09-14T17:26:35Z 19.047274 47.480820 147.80
2023-09-14T17:26:40Z 19.047182 47.480877 149.10
2023-09-14T17:26:45Z 19.046950 47.480947 151.50
2023-09-14T17:26:50Z 19.046834 47.480933 152.40
2023-09-14T17:26:55Z 19.046657 47.480941 153.60
2023-09-14T17:27:00Z 19.046457 47.480934 155.10
2023-09-14T17:27:05Z 19.046144 47.480923 156.50
2023-09-14T17:27:10Z 19.045935 47.480935 157.60
2023-09-14T17:27:15Z 19.045842 47.481135 159.30
2023-09-14T17:27:20Z 19.045766 47.481319 160.90
2023-09-14T17:27:25Z 19.045664 47.481411 161.60
2023-09-14T17:27:30Z 19.045514 47.481393 161.30
2023-09-14T17:27:35Z 19.045302 47.481334 160.40
2023-09-14T17:27:40Z 19.045128 47.481303 159.70
2023-09-14T17:27:45Z 19.045012 47.481295 159.30
2023-09-14T17:27:50Z 19.044842 47.481277 158.90
2023-09-14T17:27:55Z 19.044658 47.481252 158.40
2023-09-14T17:28:00Z 19.044474 47.481225 158.30
2023-09-14T17:28:05Z 19.044301 47.481206 158.10
2023-09-14T17:28:10Z 19.044107 47.481207 157.90
2023-09-14T17:28:15Z 19.043934 47.481243 157.80
2023-09-14T17:28:20Z 19.043736 47.481318 157.70
2023-09-14T17:28:25Z 19.043583 47.481388 157.50
2023-09-14T17:28:30Z 19.043438 47.481471 157.30
2023-09-14T17:28:35Z 19.043323 47.481555 157.20
2023-09-14T17:28:40Z 19.043248 47.481613 157.10
2023-09-14T17:28:45Z 19.043167 47.481675 157.00
2023-09-14T17:28:50Z 19.043058 47.481755 156.80
2023-09-14T17:28:55Z 19.042928 47.481849 156.80
2023-09-14T17:29:00Z 19.042801 47.481942 156.70
2023-09-14T17:29:05Z 19.042733 47.481993 155.90
2023-09-14T17:29:13Z 19.042761 47.481941 154.90
2023-09-14T17:29:18Z 19.042725 47.481887 153.80
2023-09-14T17:29:23Z 19.042652 47.481823 152.30
2023-09-14T17:29:28Z 19.042578 47.481734 150.40
2023-09-14T17:29:33Z 19.042525 47.481679 149.20
2023-09-14T17:29:38Z 19.042438 47.481618 147.80
2023-09-14T17:29:43Z 19.042385 47.481559 146.60
2023-09-14T17:29:48Z 19.042340 47.481485 145.40
2023-09-14T17:29:53Z 19.042299 47.481415 144.30
2023-09-14T17:29:58Z 19.042239 47.481349 143.10
2023-09-14T17:30:03Z 19.042153 47.481248 142.30
2023-09-14T17:30:08Z 19.042044 47.481123 141.10
2023-09-14T17:30:13Z 19.041933 47.481011 139.50
2023-09-14T17:30:18Z 19.041826 47.480905 138.00
2023-09-14T17:30:23Z 19.041724 47.480803 136.50
2023-09-14T17:30:28Z 19.041621 47.480699 135.20
2023-09-14T17:30:33Z 19.041532 47.480610 134.10
2023-09-14T17:30:38Z 19.041427 47.480505 132.80
2023-09-14T17:30:43Z 19.041343 47.480420 131.80
2023-09-14T17:30:48Z 19.041201 47.480372 130.60
2023-09-14T17:30:53Z 19.041038 47.480455 130.70
2023-09-14T17:30:58Z 19.040911 47.480522 130.70
2023-09-14T17:31:03Z 19.040780 47.480602 130.60
2023-09-14T17:31:08Z 19.040664 47.480673 130.50
2023-09-14T17:31:13Z 19.040515 47.480758 130.10
2023-09-14T17:31:18Z 19.040345 47.480834 129.90
2023-09-14T17:31:23Z 19.040182 47.480892 129.70
2023-09-14T17:31:28Z 19.040003 47.480950 129.40
2023-09-14T17:31:33Z 19.039854 47.480999 129.20
2023-09-14T17:31:38Z 19.039683 47.481051 128.90
2023-09-14T17:31:43Z 19.039479 47.481112 128.60
2023-09-14T17:31:48Z 19.039340 47.481154 128.40
2023-09-14T17:31:53Z 19.039121 47.481220 128.20
2023-09-14T17:31:58Z 19.038961 47.481276 127.90
2023-09-14T17:32:03Z 19.038816 47.481342 127.70
2023-09-14T17:32:08Z 19.038643 47.481432 127.40
2023-09-14T17:32:13Z 19.038476 47.481543 127.10
2023-09-14T17:32:18Z 19.038350 47.481631 126.90
2023-09-14T17:32:23Z 19.038225 47.481716 126.70
2023-09-14T17:32:28Z 19.038174 47.481749 126.70
2023-09-14T17:32:47Z 19.038233 47.481770 126.80
2023-09-14T17:32:52Z 19.038368 47.481855 127.80
2023-09-14T17:32:57Z 19.038489 47.481960 129.10
2023-09-14T17:33:02Z 19.038598 47.482065 130.40
2023-09-14T17:33:07Z 19.038683 47.482147 131.40
2023-09-14T17:33:12Z 19.038786 47.482246 132.60
2023-09-14T17:33:17Z 19.038864 47.482322 133.60
2023-09-14T17:33:22Z 19.038956 47.482412 134.70
2023-09-14T17:33:27Z 19.039036 47.482489 135.80
2023-09-14T17:33:32Z 19.039136 47.482585 137.00
2023-09-14T17:33:37Z 19.039226 47.482673 138.20
2023-09-14T17:33:42Z 19.039335 47.482778 139.60
2023-09-14T17:33:47Z 19.039457 47.482896 141.20
2023-09-14T17:33:52Z 19.039576 47.483011 142.70
2023-09-14T17:33:57Z 19.039686 47.483118 143.70
2023-09-14T17:34:02Z 19.039774 47.483203 144.50
2023-09-14T17:34:07Z 19.039855 47.483282 145.30
2023-09-14T17:34:12Z 19.039876 47.483330 145.80
2023-09-14T17:34:17Z 19.039718 47.483384 146.80
2023-09-14T17:34:22Z 19.039497 47.483475 148.20
2023-09-14T17:34:27Z 19.039269 47.483569 149.70
2023-09-14T17:34:32Z 19.039048 47.483669 151.10
2023-09-14T17:34:37Z 19.038848 47.483753 152.20
2023-09-14T17:34:42Z 19.038742 47.483808 152.70
2023-09-14T17:34:47Z 19.038714 47.483924 153.90
2023-09-14T17:34:52Z 19.038627 47.484017 154.10
2023-09-14T17:34:57Z 19.038479 47.484115 154.50
2023-09-14T17:35:02Z 19.038293 47.484196 154.90
2023-09-14T17:35:07Z 19.038081 47.484289 155.40
2023-09-14T17:35:12Z 19.037919 47.484381 156.10
2023-09-14T17:35:17Z 19.037765 47.484463 156.70
2023-09-14T17:35:22Z 19.037615 47.484540 157.30
2023-09-14T17:35:27Z 19.037447 47.484625 158.00
2023-09-14T17:35:32Z 19.037303 47.484699 158.70
2023-09-14T17:35:37Z 19.037191 47.484756 159.30
2023-09-14T17:35:42Z 19.037053 47.484826 160.00
2023-09-14T17:35:47Z 19.036907 47.484901 160.70
2023-09-14T17:35:52Z 19.036775 47.484968 161.30
2023-09-14T17:35:57Z 19.036627 47.485044 162.00
2023-09-14T17:36:02Z 19.036489 47.485115 162.60
2023-09-14T17:36:07Z 19.036326 47.485198 163.30
2023-09-14T17:36:12Z 19.036196 47.485265 163.90
2023-09-14T17:36:17Z 19.036038 47.485345 164.50
2023-09-14T17:36:22Z 19.035889 47.485421 165.10
2023-09-14T17:36:27Z 19.035737 47.485499 165.80
2023-09-14T17:36:32Z 19.035630 47.485553 166.20
2023-09-14T17:36:37Z 19.035466 47.485637 166.80
2023-09-14T17:36:42Z 19.035334 47.485705 167.30
2023-09-14T17:36:47Z 19.035183 47.485782 167.90
2023-09-14T17:36:52Z 19.035068 47.485841 168.50
2023-09-14T17:36:57Z 19.034948 47.485896 168.90
2023-09-14T17:37:02Z 19.034817 47.485930 169.00
2023-09-14T17:37:07Z 19.034626 47.485977 169.10
2023-09-14T17:37:12Z 19.034457 47.486021 169.20
2023-09-14T17:37:17Z 19.034271 47.486069 169.40
2023-09-14T17:37:22Z 19.034095 47.486115 169.60
2023-09-14T17:37:27Z 19.033988 47.486142 169.80
2023-09-14T17:37:32Z 19.033927 47.486230 170.20
2023-09-14T17:37:37Z 19.034024 47.486323 170.70
2023-09-14T17:37:42Z 19.034207 47.486384 171.80
2023-09-14T17:37:47Z 19.034465 47.486465 173.70
2023-09-14T17:37:52Z 19.034588 47.486479 174.40
2023-09-14T17:37:57Z 19.034677 47.486490 175.00
2023-09-14T17:38:02Z 19.034773 47.486502 175.60
2023-09-14T17:38:07Z 19.034895 47.486518 176.50
2023-09-14T17:38:12Z 19.035048 47.486537 177.50
2023-09-14T17:38:17Z 19.035121 47.486547 178.00
2023-09-14T17:38:22Z 19.035057 47.486621 178.20
2023-09-14T17:38:27Z 19.034961 47.486793 178.20
2023-09-14T17:38:32Z 19.034878 47.486927 177.90
2023-09-14T17:38:37Z 19.034897 47.487019 177.70
2023-09-14T17:38:42Z 19.035039 47.487105 177.30
2023-09-14T17:38:47Z 19.035135 47.487213 176.90
2023-09-14T17:38:52Z 19.035255 47.487330 176.50
2023-09-14T17:38:57Z 19.035372 47.487401 176.20
2023-09-14T17:39:02Z 19.035532 47.487472 175.90
2023-09-14T17:39:07Z 19.035690 47.487528 175.60
2023-09-14T17:39:12Z 19.035880 47.487594 175.20
2023-09-14T17:39:17Z 19.036022 47.487645 175.00
2023-09-14T17:39:22Z 19.036186 47.487708 174.60
2023-09-14T17:39:27Z 19.036306 47.487761 174.30
2023-09-14T17:39:32Z 19.036447 47.487822 173.30
2023-09-14T17:39:37Z 19.036599 47.487891 172.00
2023-09-14T17:39:42Z 19.036765 47.487978 171.00
2023-09-14T17:39:47Z 19.036894 47.488072 169.90
2023-09-14T17:39:52Z 19.036969 47.488164 169.10
2023-09-14T17:39:57Z 19.037077 47.488251 168.20
2023-09-14T17:40:02Z 19.037210 47.488355 167.00
2023-09-14T17:40:07Z 19.037327 47.488447 166.00
2023-09-14T17:40:12Z 19.037442 47.488537 165.10
2023-09-14T17:40:17Z 19.037570 47.488637 164.00
2023-09-14T17:40:22Z 19.037670 47.488715 163.20
2023-09-14T17:40:27Z 19.037756 47.488830 162.20
2023-09-14T17:40:32Z 19.037760 47.488957 161.00
2023-09-14T17:40:37Z 19.037709 47.489074 159.70
2023-09-14T17:40:42Z 19.037591 47.489214 158.00
2023-09-14T17:40:47Z 19.037501 47.489297 157.00
2023-09-14T17:40:52Z 19.037391 47.489385 155.90
2023-09-14T17:40:57Z 19.037256 47.489477 155.00
2023-09-14T17:41:02Z 19.037074 47.489577 154.20
2023-09-14T17:41:07Z 19.036936 47.489640 153.20
2023-09-14T17:41:12Z 19.036764 47.489717 152.10
2023-09-14T17:41:17Z 19.036619 47.489746 151.40
2023-09-14T17:41:22Z 19.036442 47.489744 151.20
2023-09-14T17:41:27Z 19.036262 47.489709 151.00
2023-09-14T17:41:33Z 19.036197 47.489688 151.00
2023-09-14T17:41:50Z 19.036131 47.489731 150.80
2023-09-14T17:41:55Z 19.036054 47.489814 150.50
2023-09-14T17:42:00Z 19.035910 47.489908 150.00
2023-09-14T17:42:05Z 19.035782 47.490025 149.90
2023-09-14T17:42:10Z 19.035656 47.490150 149.90
2023-09-14T17:42:15Z 19.035555 47.490252 150.00
2023-09-14T17:42:20Z 19.035424 47.490349 150.00
2023-09-14T17:42:25Z 19.035258 47.490448 150.10
2023-09-14T17:42:30Z 19.035091 47.490541 150.20
2023-09-14T17:42:35Z 19.034974 47.490608 150.30
2023-09-14T17:42:40Z 19.034825 47.490691 150.40
2023-09-14T17:42:45Z 19.034694 47.490766 150.50
2023-09-14T17:42:50Z 19.034544 47.490851 150.60
2023-09-14T17:42:55Z 19.034396 47.490935 150.80
2023-09-14T17:43:00Z 19.034264 47.491010 151.00
2023-09-14T17:43:05Z 19.034148 47.491075 151.10
2023-09-14T17:43:10Z 19.034001 47.491157 151.30
2023-09-14T17:43:15Z 19.033850 47.491239 151.60
2023-09-14T17:43:20Z 19.033723 47.491309 151.80
2023-09-14T17:43:25Z 19.033569 47.491393 152.20
2023-09-14T17:43:30Z 19.033446 47.491461 152.40
2023-09-14T17:43:35Z 19.033307 47.491536 152.50
2023-09-14T17:43:40Z 19.033189 47.491601 152.50
2023-09-14T17:43:45Z 19.033035 47.491677 152.40
2023-09-14T17:43:50Z 19.032907 47.491751 152.30
2023-09-14T17:43:55Z 19.032805 47.491818 152.20
2023-09-14T17:44:00Z 19.032650 47.491894 152.10
2023-09-14T17:44:05Z 19.032506 47.491965 151.90
2023-09-14T17:44:10Z 19.032370 47.492032 151.80
2023-09-14T17:44:15Z 19.032173 47.492128 151.60
2023-09-14T17:44:20Z 19.031983 47.492222 151.50
2023-09-14T17:44:25Z 19.031817 47.492304 151.40
2023-09-14T17:44:30Z 19.031673 47.492383 151.40
2023-09-14T17:44:35Z 19.031582 47.492460 151.60
2023-09-14T17:44:40Z 19.031466 47.492570 152.10
2023-09-14T17:44:45Z 19.031361 47.492679 152.50
2023-09-14T17:44:50Z 19.031289 47.492806 152.70
2023-09-14T17:44:55Z 19.031218 47.492927 152.50
2023-09-14T17:45:00Z 19.031156 47.493035 152.10
2023-09-14T17:45:05Z 19.031138 47.493120 151.60
2023-09-14T17:45:10Z 19.031082 47.493238 150.90
2023-09-14T17:45:15Z 19.031047 47.493307 150.60
2023-09-14T17:45:20Z 19.030988 47.493424 150.00
2023-09-14T17:45:26Z 19.031083 47.493394 150.90
2023-09-14T17:45:31Z 19.031344 47.493371 152.90
2023-09-14T17:45:36Z 19.031572 47.493343 154.70
2023-09-14T17:45:41Z 19.031751 47.493289 156.30
2023-09-14T17:45:46Z 19.031925 47.493247 157.70
2023-09-14T17:45:51Z 19.032046 47.493217 158.40
2023-09-14T17:45:56Z 19.032208 47.493176 158.70
2023-09-14T17:46:01Z 19.032282 47.493182 158.70
2023-09-14T17:46:06Z 19.032404 47.493303 158.70
2023-09-14T17:46:11Z 19.032565 47.493463 158.80
2023-09-14T17:46:16Z 19.032723 47.493526 158.80
2023-09-14T17:46:21Z 19.032856 47.493512 158.80
2023-09-14T17:46:26Z 19.033016 47.493443 158.80
2023-09-14T17:46:31Z 19.033137 47.493359 158.90
2023-09-14T17:46:36Z 19.033229 47.493240 158.90
2023-09-14T17:46:41Z 19.033290 47.493157 158.80
2023-09-14T17:46:46Z 19.033520 47.493117 158.20
2023-09-14T17:46:51Z 19.033751 47.493118 157.90
2023-09-14T17:46:56Z 19.033935 47.493105 157.60
2023-09-14T17:47:01Z 19.034122 47.493120 157.20
2023-09-14T17:47:06Z 19.034323 47.493140 156.90
2023-09-14T17:47:11Z 19.034480 47.493156 156.60
2023-09-14T17:47:16Z 19.034632 47.493171 156.40
2023-09-14T17:47:21Z 19.034816 47.493189 156.00
2023-09-14T17:47:26Z 19.034970 47.493218 155.50
2023-09-14T17:47:31Z 19.035117 47.493266 154.70
2023-09-14T17:47:36Z 19.035272 47.493317 153.80
2023-09-14T17:47:41Z 19.035417 47.493359 152.90
2023-09-14T17:47:46Z 19.035595 47.493385 151.70
2023-09-14T17:47:51Z 19.035766 47.493398 150.60
2023-09-14T17:47:56Z 19.035922 47.493410 149.60
2023-09-14T17:48:01Z 19.036068 47.493421 148.70
2023-09-14T17:48:06Z 19.036199 47.493316 147.90
2023-09-14T17:48:11Z 19.036306 47.493192 147.10
2023-09-14T17:48:16Z 19.036418 47.493099 146.50
2023-09-14T17:48:21Z 19.036506 47.493021 145.90
2023-09-14T17:48:26Z 19.036586 47.492913 145.20
2023-09-14T17:48:31Z 19.036679 47.492785 144.50
2023-09-14T17:48:36Z 19.036756 47.492680 144.00
2023-09-14T17:48:41Z 19.036849 47.492555 143.50
2023-09-14T17:48:46Z 19.036943 47.492441 143.30
2023-09-14T17:48:51Z 19.037080 47.492411 143.40
2023-09-14T17:48:56Z 19.037128 47.492315 143.50
2023-09-14T17:49:01Z 19.037213 47.492192 143.70
2023-09-14T17:49:06Z 19.037319 47.492095 143.80
2023-09-14T17:49:11Z 19.037433 47.491993 143.50
2023-09-14T17:49:16Z 19.037541 47.491888 143.20
2023-09-14T17:49:21Z 19.037649 47.491783 143.00
2023-09-14T17:49:26Z 19.037752 47.491684 142.60
2023-09-14T17:49:31Z 19.037851 47.491588 142.10
2023-09-14T17:49:36Z 19.037953 47.491489 141.40
2023-09-14T17:49:41Z 19.038052 47.491395 140.70
2023-09-14T17:49:46Z 19.038155 47.491302 139.70
2023-09-14T17:49:51Z 19.038277 47.491193 138.50
2023-09-14T17:49:56Z 19.038399 47.491084 137.80
2023-09-14T17:50:01Z 19.038532 47.490964 136.30
2023-09-14T17:50:06Z 19.038620 47.490885 135.20
2023-09-14T17:50:14Z 19.038711 47.490899 133.50
2023-09-14T17:50:19Z 19.038905 47.491022 131.30
2023-09-14T17:50:24Z 19.039037 47.491102 129.80
2023-09-14T17:50:29Z 19.039187 47.491164 128.40
2023-09-14T17:50:34Z 19.039365 47.491237 126.60
2023-09-14T17:50:39Z 19.039519 47.491300 125.20
2023-09-14T17:50:44Z 19.039673 47.491363 123.90
2023-09-14T17:50:49Z 19.039815 47.491421 122.60
2023-09-14T17:50:54Z 19.039933 47.491469 121.70
2023-09-14T17:50:59Z 19.040072 47.491525 120.60
2023-09-14T17:51:04Z 19.040247 47.491523 119.30
2023-09-14T17:51:09Z 19.040500 47.491455 117.30
2023-09-14T17:51:14Z 19.040674 47.491464 116.10
2023-09-14T17:51:19Z 19.040843 47.491493 115.00
2023-09-14T17:51:24Z 19.041021 47.491520 113.90
2023-09-14T17:51:29Z 19.041209 47.491574 113.10
2023-09-14T17:51:34Z 19.041335 47.491624 112.70
2023-09-14T17:51:39Z 19.041493 47.491686 112.30
2023-09-14T17:51:44Z 19.041643 47.491731 112.20
2023-09-14T17:51:49Z 19.041811 47.491744 112.10
2023-09-14T17:51:54Z 19.041996 47.491767 112.10
2023-09-14T17:51:59Z 19.042186 47.491809 111.80
2023-09-14T17:52:04Z 19.042417 47.491782 111.60
2023-09-14T17:52:09Z 19.042611 47.491731 111.40
2023-09-14T17:52:14Z 19.042751 47.491679 111.30
2023-09-14T17:52:19Z 19.042917 47.491618 111.20
2023-09-14T17:52:24Z 19.043073 47.491556 111.00
2023-09-14T17:52:29Z 19.043265 47.491475 110.70
2023-09-14T17:52:34Z 19.043398 47.491413 110.40
2023-09-14T17:52:39Z 19.043532 47.491349 110.20
2023-09-14T17:52:44Z 19.043707 47.491259 109.90
2023-09-14T17:52:49Z 19.043874 47.491173 109.60
2023-09-14T17:52:54Z 19.044021 47.491097 109.50
2023-09-14T17:52:59Z 19.044174 47.491019 109.50
2023-09-14T17:53:04Z 19.044332 47.490936 109.50
2023-09-14T17:53:09Z 19.044429 47.490883 109.60
2023-09-14T17:53:14Z 19.044607 47.490785 109.70
2023-09-14T17:53:19Z 19.044779 47.490689 109.90
2023-09-14T17:53:24Z 19.044905 47.490614 110.10
2023-09-14T17:53:29Z 19.045000 47.490550 110.50
2023-09-14T17:53:34Z 19.045068 47.490503 110.60
2023-09-14T17:53:39Z 19.045051 47.490450 110.70
2023-09-14T17:53:47Z 19.045005 47.490417 110.70
2023-09-14T17:54:15Z 19.045058 47.490384 111.00
2023-09-14T17:54:20Z 19.045208 47.490296 111.30
2023-09-14T17:54:25Z 19.045335 47.490207 111.60
2023-09-14T17:54:30Z 19.045462 47.490117 111.80
2023-09-14T17:54:35Z 19.045606 47.490017 112.00
2023-09-14T17:54:40Z 19.045714 47.489933 112.00
2023-09-14T17:54:45Z 19.045809 47.489826 112.10
2023-09-14T17:54:50Z 19.045916 47.489720 112.20
2023-09-14T17:54:55Z 19.046042 47.489598 112.20
2023-09-14T17:55:00Z 19.046163 47.489493 112.20
2023-09-14T17:55:05Z 19.046276 47.489399 112.30
2023-09-14T17:55:13Z 19.046264 47.489468 112.40
2023-09-14T17:55:18Z 19.046346 47.489647 113.30
2023-09-14T17:55:23Z 19.046526 47.489791 114.00
2023-09-14T17:55:28Z 19.046703 47.489862 114.30
2023-09-14T17:55:33Z 19.046892 47.489933 114.60
2023-09-14T17:55:38Z 19.047110 47.490013 115.00
2023-09-14T17:55:43Z 19.047391 47.490101 115.80
2023-09-14T17:55:48Z 19.047523 47.490150 116.20
2023-09-14T17:55:53Z 19.047575 47.490189 116.40
2023-09-14T17:55:58Z 19.047688 47.490231 116.70
2023-09-14T17:56:03Z 19.047814 47.490273 117.00
2023-09-14T17:56:08Z 19.048006 47.490340 117.50
2023-09-14T17:56:13Z 19.048167 47.490395 117.90
2023-09-14T17:56:18Z 19.048341 47.490455 118.20
2023-09-14T17:56:23Z 19.048502 47.490511 118.50
2023-09-14T17:56:28Z 19.048663 47.490566 118.60
2023-09-14T17:56:33Z 19.048837 47.490627 118.80
2023-09-14T17:56:38Z 19.048994 47.490680 118.80
2023-09-14T17:56:43Z 19.049182 47.490745 118.90
2023-09-14T17:56:48Z 19.049338 47.490799 118.90
2023-09-14T17:56:53Z 19.049507 47.490857 118.80
2023-09-14T17:56:58Z 19.049679 47.490917 118.60
2023-09-14T17:57:03Z 19.049868 47.490983 118.40
2023-09-14T17:57:08Z 19.050032 47.491038 118.10
2023-09-14T17:57:13Z 19.050215 47.491102 117.70
2023-09-14T17:57:18Z 19.050358 47.491151 117.40
2023-09-14T17:57:23Z 19.050522 47.491209 117.10
2023-09-14T17:57:28Z 19.050698 47.491269 116.70
2023-09-14T17:57:33Z 19.050876 47.491331 116.40
2023-09-14T17:57:38Z 19.051052 47.491391 116.00
2023-09-14T17:57:43Z 19.051197 47.491453 115.70
2023-09-14T17:57:48Z 19.051338 47.491510 115.40
2023-09-14T17:57:53Z 19.051543 47.491574 114.90
2023-09-14T17:57:58Z 19.051723 47.491629 114.40
2023-09-14T17:58:03Z 19.051886 47.491684 113.80
2023-09-14T17:58:11Z 19.051823 47.491633 110.90
2023-09-14T17:58:16Z 19.051727 47.491589 108.70
2023-09-14T17:58:21Z 19.051572 47.491517 107.00
2023-09-14T17:58:26Z 19.051557 47.491441 106.70
2023-09-14T17:58:31Z 19.051661 47.491262 106.90
2023-09-14T17:58:36Z 19.051819 47.491141 107.40
2023-09-14T17:58:41Z 19.051922 47.491002 107.30
2023-09-14T17:58:46Z 19.051964 47.490889 107.30
2023-09-14T17:58:51Z 19.052043 47.490779 107.30
2023-09-14T17:58:56Z 19.052230 47.490850 107.60
2023-09-14T17:59:01Z 19.052401 47.490927 107.90
2023-09-14T17:59:06Z 19.052589 47.491008 108.20
2023-09-14T17:59:11Z 19.052721 47.491063 108.40
2023-09-14T17:59:16Z 19.052844 47.491028 108.40
2023-09-14T17:59:21Z 19.053009 47.490896 108.00
2023-09-14T17:59:26Z 19.053133 47.490788 107.80
2023-09-14T17:59:33Z 19.053181 47.490738 107.70
2023-09-14T17:59:38Z 19.053321 47.490628 107.60
2023-09-14T17:59:43Z 19.053475 47.490508 107.50
2023-09-14T17:59:48Z 19.053656 47.490367 107.40
2023-09-14T17:59:53Z 19.053826 47.490234 107.40
2023-09-14T17:59:58Z 19.053943 47.490143 107.40
2023-09-14T18:00:03Z 19.054045 47.490064 107.30
2023-09-14T18:00:08Z 19.054227 47.489921 107.30
2023-09-14T18:00:13Z 19.054291 47.489872 107.30
2023-09-14T18:00:18Z 19.054435 47.489761 107.20
2023-09-14T18:00:23Z 19.054578 47.489648 107.30
2023-09-14T18:00:28Z 19.054678 47.489571 107.40
2023-09-14T18:00:33Z 19.054820 47.489459 107.40
2023-09-14T18:00:38Z 19.054932 47.489372 107.50
2023-09-14T18:00:43Z 19.055060 47.489276 107.50
2023-09-14T18:00:48Z 19.055187 47.489183 107.50
2023-09-14T18:00:53Z 19.055301 47.489100 107.50
2023-09-14T18:00:58Z 19.055434 47.489004 107.50
2023-09-14T18:01:03Z 19.055577 47.488900 107.50
2023-09-14T18:01:08Z 19.055678 47.488800 107.30
2023-09-14T18:01:13Z 19.055757 47.488707 107.30
2023-09-14T18:01:18Z 19.055838 47.488609 107.30
2023-09-14T18:01:23Z 19.055914 47.488518 107.30
2023-09-14T18:01:28Z 19.055919 47.488410 107.30
2023-09-14T18:01:33Z 19.055942 47.488310 107.30
2023-09-14T18:01:38Z 19.056078 47.488286 108.00
2023-09-14T18:01:43Z 19.056283 47.488358 108.90
2023-09-14T18:01:48Z 19.056477 47.488450 109.90
2023-09-14T18:01:53Z 19.056640 47.488528 110.70
2023-09-14T18:01:58Z 19.056751 47.488581 111.20
2023-09-14T18:02:14Z 19.056827 47.488618 111.20
2023-09-14T18:02:19Z 19.057075 47.488670 110.80
2023-09-14T18:02:24Z 19.057327 47.488668 110.40
2023-09-14T18:02:29Z 19.057692 47.488669 109.00
2023-09-14T18:02:34Z 19.057971 47.488660 107.80
