Margitsziget kor 23 11 2024 ultraboost
2024-11-23T14:12:02Z 19.056841 47.490242 113.20
2024-11-23T14:12:07Z 19.056958 47.490382 113.20
2024-11-23T14:12:12Z 19.056804 47.490411 113.30
2024-11-23T14:12:17Z 19.056732 47.490379 113.30
2024-11-23T14:12:22Z 19.056661 47.490346 113.30
2024-11-23T14:12:27Z 19.056588 47.490335 113.30
2024-11-23T14:12:32Z 19.056658 47.490340 113.30
2024-11-23T14:12:37Z 19.056803 47.490291 113.40
2024-11-23T14:12:42Z 19.056776 47.490334 113.40
2024-11-23T14:12:51Z 19.056751 47.490291 113.40
2024-11-23T14:12:56Z 19.056722 47.490338 113.40
2024-11-23T14:13:01Z 19.056615 47.490336 113.40
2024-11-23T14:13:06Z 19.056534 47.490335 113.40
2024-11-23T14:13:11Z 19.056647 47.490293 113.50
2024-11-23T14:13:19Z 19.056661 47.490349 113.50
2024-11-23T14:13:24Z 19.056622 47.490624 113.50
2024-11-23T14:13:29Z 19.056484 47.490745 113.40
2024-11-23T14:13:34Z 19.056454 47.490831 113.40
2024-11-23T14:13:39Z 19.056305 47.490895 113.30
2024-11-23T14:13:44Z 19.056212 47.490989 113.40
2024-11-23T14:13:49Z 19.056165 47.491122 113.40
2024-11-23T14:13:54Z 19.056205 47.491225 113.40
2024-11-23T14:13:59Z 19.056111 47.491236 113.40
2024-11-23T14:14:04Z 19.056065 47.491275 113.40
2024-11-23T14:14:09Z 19.056072 47.491326 113.50
2024-11-23T14:14:14Z 19.056128 47.491443 114.10
2024-11-23T14:14:20Z 19.056260 47.491648 115.50
2024-11-23T14:14:25Z 19.055728 47.491767 113.40
2024-11-23T14:14:30Z 19.055623 47.491687 112.80
2024-11-23T14:14:35Z 19.055463 47.491838 112.90
2024-11-23T14:14:40Z 19.055156 47.491990 112.80
2024-11-23T14:14:45Z 19.054935 47.491951 112.90
2024-11-23T14:14:50Z 19.054789 47.491930 112.90
2024-11-23T14:14:55Z 19.054593 47.491853 112.70
2024-11-23T14:15:00Z 19.054480 47.491818 112.60
2024-11-23T14:15:05Z 19.054401 47.491800 112.60
2024-11-23T14:15:10Z 19.054309 47.491657 112.50
2024-11-23T14:15:15Z 19.054135 47.491670 112.50
2024-11-23T14:15:20Z 19.053968 47.491527 112.50
2024-11-23T14:15:25Z 19.053832 47.491437 112.60
2024-11-23T14:15:30Z 19.053644 47.491294 112.90
2024-11-23T14:15:35Z 19.053488 47.491248 113.20
2024-11-23T14:15:40Z 19.053372 47.491364 113.00
2024-11-23T14:15:45Z 19.053284 47.491387 112.90
2024-11-23T14:15:50Z 19.053205 47.491436 112.70
2024-11-23T14:15:55Z 19.053235 47.491590 112.20
2024-11-23T14:16:00Z 19.053022 47.491746 111.10
2024-11-23T14:16:05Z 19.052891 47.491796 110.50
2024-11-23T14:16:10Z 19.052692 47.491756 109.80
2024-11-23T14:16:15Z 19.052586 47.491717 109.80
2024-11-23T14:16:20Z 19.052530 47.491651 110.00
2024-11-23T14:16:25Z 19.052547 47.491415 111.60
2024-11-23T14:16:30Z 19.052549 47.491325 112.30
2024-11-23T14:16:35Z 19.052625 47.491321 112.70
2024-11-23T14:16:40Z 19.052552 47.491312 112.40
2024-11-23T14:16:45Z 19.052504 47.491275 112.50
2024-11-23T14:16:50Z 19.052005 47.491714 107.80
2024-11-23T14:16:55Z 19.051748 47.491954 107.70
2024-11-23T14:17:00Z 19.051700 47.492054 107.50
2024-11-23T14:17:05Z 19.051656 47.492180 107.30
2024-11-23T14:17:10Z 19.051548 47.492293 107.50
2024-11-23T14:17:15Z 19.051563 47.492363 107.60
2024-11-23T14:17:20Z 19.051396 47.492472 107.70
2024-11-23T14:17:25Z 19.051299 47.492557 107.80
2024-11-23T14:17:30Z 19.051157 47.492594 107.60
2024-11-23T14:17:35Z 19.050949 47.492643 107.20
2024-11-23T14:17:40Z 19.050792 47.492685 107.00
2024-11-23T14:17:45Z 19.050644 47.492792 106.70
2024-11-23T14:17:50Z 19.050557 47.492856 106.70
2024-11-23T14:17:55Z 19.050451 47.492962 106.80
2024-11-23T14:18:00Z 19.050362 47.493066 106.80
2024-11-23T14:18:05Z 19.050282 47.493155 106.80
2024-11-23T14:18:10Z 19.050192 47.493255 106.80
2024-11-23T14:18:15Z 19.050085 47.493356 106.80
2024-11-23T14:18:20Z 19.049992 47.493459 106.90
2024-11-23T14:18:25Z 19.049978 47.493546 106.90
2024-11-23T14:18:30Z 19.049910 47.493673 106.90
2024-11-23T14:18:35Z 19.049769 47.493762 106.90
2024-11-23T14:18:40Z 19.049545 47.493738 107.00
2024-11-23T14:18:45Z 19.049294 47.493720 107.00
2024-11-23T14:18:50Z 19.049175 47.493825 107.00
2024-11-23T14:18:55Z 19.049311 47.494152 107.10
2024-11-23T14:19:00Z 19.049326 47.494291 107.10
2024-11-23T14:19:05Z 19.049278 47.494404 107.10
2024-11-23T14:19:10Z 19.049135 47.494512 107.10
2024-11-23T14:19:15Z 19.049061 47.494599 107.10
2024-11-23T14:19:20Z 19.048974 47.494643 107.10
2024-11-23T14:19:25Z 19.048819 47.494630 107.10
2024-11-23T14:19:30Z 19.048696 47.494730 107.10
2024-11-23T14:19:35Z 19.048736 47.494969 107.10
2024-11-23T14:19:40Z 19.048800 47.495168 107.10
2024-11-23T14:19:45Z 19.048775 47.495317 107.00
2024-11-23T14:19:50Z 19.048629 47.495441 107.00
2024-11-23T14:19:55Z 19.048545 47.495550 107.00
2024-11-23T14:20:00Z 19.048448 47.495688 107.00
2024-11-23T14:20:05Z 19.048396 47.495816 107.00
2024-11-23T14:20:10Z 19.048332 47.495923 107.00
2024-11-23T14:20:15Z 19.048284 47.496032 107.10
2024-11-23T14:20:20Z 19.048195 47.496109 107.10
2024-11-23T14:20:25Z 19.048122 47.496179 107.10
2024-11-23T14:20:31Z 19.048021 47.496250 107.10
2024-11-23T14:20:36Z 19.047929 47.496311 107.10
2024-11-23T14:20:41Z 19.047819 47.496370 107.10
2024-11-23T14:20:46Z 19.047860 47.496619 107.10
2024-11-23T14:20:51Z 19.047831 47.496722 107.10
2024-11-23T14:20:56Z 19.047773 47.496823 107.10
2024-11-23T14:21:01Z 19.047705 47.496928 107.00
2024-11-23T14:21:06Z 19.047663 47.497035 107.00
2024-11-23T14:21:11Z 19.047632 47.497166 106.90
2024-11-23T14:21:16Z 19.047544 47.497274 106.90
2024-11-23T14:21:21Z 19.047474 47.497337 106.80
2024-11-23T14:21:26Z 19.047413 47.497449 106.70
2024-11-23T14:21:31Z 19.047300 47.497510 106.70
2024-11-23T14:21:36Z 19.047497 47.497671 106.80
2024-11-23T14:21:41Z 19.047317 47.497809 106.90
2024-11-23T14:21:46Z 19.047347 47.497965 107.00
2024-11-23T14:21:51Z 19.047427 47.498038 107.00
2024-11-23T14:21:56Z 19.047487 47.498154 107.00
2024-11-23T14:22:01Z 19.047700 47.498182 107.30
2024-11-23T14:22:06Z 19.047571 47.498259 107.60
2024-11-23T14:22:12Z 19.047541 47.498309 107.90
2024-11-23T14:22:17Z 19.047315 47.498527 107.50
2024-11-23T14:22:22Z 19.047194 47.498678 107.90
2024-11-23T14:22:27Z 19.047112 47.498824 108.50
2024-11-23T14:22:32Z 19.047036 47.498941 108.70
2024-11-23T14:22:37Z 19.047008 47.499023 108.90
2024-11-23T14:22:42Z 19.046986 47.499115 109.00
2024-11-23T14:22:47Z 19.046967 47.499216 109.20
2024-11-23T14:22:54Z 19.046958 47.499270 109.30
2024-11-23T14:22:59Z 19.046934 47.499321 109.40
2024-11-23T14:23:04Z 19.046885 47.499359 109.40
2024-11-23T14:23:09Z 19.046850 47.499452 109.50
2024-11-23T14:23:14Z 19.046762 47.499577 109.50
2024-11-23T14:23:19Z 19.046672 47.499684 109.40
2024-11-23T14:23:24Z 19.046682 47.499783 109.20
2024-11-23T14:23:29Z 19.046596 47.499896 109.10
2024-11-23T14:23:34Z 19.046564 47.500034 108.90
2024-11-23T14:23:39Z 19.046521 47.500145 108.70
2024-11-23T14:23:44Z 19.046471 47.500249 108.70
2024-11-23T14:23:49Z 19.046426 47.500376 108.60
2024-11-23T14:23:54Z 19.046501 47.500474 108.40
2024-11-23T14:23:59Z 19.046629 47.500542 108.60
2024-11-23T14:24:04Z 19.046696 47.500645 108.80
2024-11-23T14:24:09Z 19.046804 47.500749 108.90
2024-11-23T14:24:14Z 19.046903 47.500839 109.10
2024-11-23T14:24:19Z 19.046992 47.500924 109.20
2024-11-23T14:24:24Z 19.046966 47.501031 109.40
2024-11-23T14:24:29Z 19.046900 47.501065 109.40
2024-11-23T14:24:34Z 19.046772 47.501165 109.30
2024-11-23T14:24:39Z 19.046796 47.501340 109.20
2024-11-23T14:24:44Z 19.046884 47.501538 109.20
2024-11-23T14:24:49Z 19.046830 47.501743 109.40
2024-11-23T14:24:55Z 19.046648 47.501798 109.50
2024-11-23T14:25:02Z 19.046696 47.501830 109.60
2024-11-23T14:25:07Z 19.046751 47.501959 109.60
2024-11-23T14:25:12Z 19.046839 47.502051 109.60
2024-11-23T14:25:17Z 19.046846 47.502162 109.60
2024-11-23T14:25:22Z 19.046862 47.502293 109.70
2024-11-23T14:25:27Z 19.046682 47.502437 109.70
2024-11-23T14:25:32Z 19.046699 47.502567 109.80
2024-11-23T14:25:37Z 19.046452 47.502667 110.00
2024-11-23T14:25:42Z 19.046404 47.502761 110.00
2024-11-23T14:25:47Z 19.046383 47.502893 109.90
2024-11-23T14:25:52Z 19.046344 47.503008 109.90
2024-11-23T14:25:57Z 19.046263 47.503153 109.90
2024-11-23T14:26:02Z 19.046253 47.503286 109.90
2024-11-23T14:26:09Z 19.046207 47.503333 109.80
2024-11-23T14:26:14Z 19.046198 47.503447 109.80
2024-11-23T14:26:19Z 19.046226 47.503510 109.80
2024-11-23T14:26:24Z 19.046334 47.503575 109.80
2024-11-23T14:26:29Z 19.046268 47.503695 109.80
2024-11-23T14:26:34Z 19.046233 47.503907 110.00
2024-11-23T14:26:39Z 19.046087 47.504160 110.10
2024-11-23T14:26:44Z 19.046021 47.504286 110.00
2024-11-23T14:26:49Z 19.045955 47.504409 109.80
2024-11-23T14:26:54Z 19.045938 47.504548 109.70
2024-11-23T14:26:59Z 19.046052 47.504590 109.50
2024-11-23T14:27:04Z 19.046117 47.504807 109.30
2024-11-23T14:27:10Z 19.046056 47.504826 108.90
2024-11-23T14:27:15Z 19.045892 47.504790 108.70
2024-11-23T14:27:20Z 19.045682 47.504757 108.30
2024-11-23T14:27:25Z 19.045559 47.504755 108.10
2024-11-23T14:27:30Z 19.045421 47.504689 107.90
2024-11-23T14:27:35Z 19.045276 47.504762 107.60
2024-11-23T14:27:40Z 19.045530 47.505091 109.50
2024-11-23T14:27:45Z 19.045937 47.505354 110.70
2024-11-23T14:27:50Z 19.046219 47.505553 110.30
2024-11-23T14:27:55Z 19.046428 47.505660 110.40
2024-11-23T14:28:00Z 19.046500 47.505791 109.90
2024-11-23T14:28:05Z 19.046570 47.505985 109.90
2024-11-23T14:28:10Z 19.046600 47.506121 110.00
2024-11-23T14:28:15Z 19.046626 47.506274 110.20
2024-11-23T14:28:20Z 19.046641 47.506399 110.30
2024-11-23T14:28:25Z 19.046736 47.506523 110.50
2024-11-23T14:28:30Z 19.046794 47.506642 110.70
2024-11-23T14:28:35Z 19.046819 47.506745 110.80
2024-11-23T14:28:40Z 19.046851 47.506874 110.90
2024-11-23T14:28:45Z 19.046865 47.507000 110.90
2024-11-23T14:28:50Z 19.046858 47.507143 111.00
2024-11-23T14:28:56Z 19.046846 47.507288 111.00
2024-11-23T14:29:01Z 19.046859 47.507372 110.90
2024-11-23T14:29:07Z 19.046787 47.507552 110.70
2024-11-23T14:29:12Z 19.046820 47.507674 110.70
2024-11-23T14:29:17Z 19.046836 47.507790 110.70
2024-11-23T14:29:22Z 19.046868 47.507916 110.60
2024-11-23T14:29:27Z 19.046908 47.508008 110.50
2024-11-23T14:29:32Z 19.046906 47.508129 110.40
2024-11-23T14:29:37Z 19.046912 47.508257 110.30
2024-11-23T14:29:42Z 19.046900 47.508371 110.20
2024-11-23T14:29:47Z 19.046803 47.508466 110.10
2024-11-23T14:29:52Z 19.046686 47.508565 109.80
2024-11-23T14:29:57Z 19.046600 47.508678 109.60
2024-11-23T14:30:02Z 19.046572 47.508766 109.50
2024-11-23T14:30:07Z 19.046574 47.508893 109.40
2024-11-23T14:30:12Z 19.046583 47.509019 109.40
2024-11-23T14:30:17Z 19.046583 47.509121 109.30
2024-11-23T14:30:22Z 19.046624 47.509228 109.30
2024-11-23T14:30:27Z 19.046710 47.509347 109.50
2024-11-23T14:30:32Z 19.046864 47.509454 109.60
2024-11-23T14:30:37Z 19.046973 47.509559 109.60
2024-11-23T14:30:42Z 19.047100 47.509663 109.70
2024-11-23T14:30:47Z 19.046959 47.509764 109.70
2024-11-23T14:30:52Z 19.046826 47.510028 109.70
2024-11-23T14:30:57Z 19.046797 47.510103 109.70
2024-11-23T14:31:02Z 19.046742 47.510169 109.60
2024-11-23T14:31:07Z 19.046813 47.510249 109.60
2024-11-23T14:31:12Z 19.046937 47.510379 109.50
2024-11-23T14:31:17Z 19.046991 47.510521 109.50
2024-11-23T14:31:22Z 19.047055 47.510658 109.50
2024-11-23T14:31:27Z 19.047058 47.510804 109.50
2024-11-23T14:31:32Z 19.046979 47.510943 109.50
2024-11-23T14:31:37Z 19.047053 47.511027 109.50
2024-11-23T14:31:42Z 19.047174 47.511103 109.50
2024-11-23T14:31:47Z 19.047234 47.511201 109.50
2024-11-23T14:31:52Z 19.047171 47.511309 109.50
2024-11-23T14:31:57Z 19.047178 47.511436 109.50
2024-11-23T14:32:02Z 19.047256 47.511552 109.50
2024-11-23T14:32:07Z 19.047302 47.511673 109.60
2024-11-23T14:32:12Z 19.047276 47.511813 109.70
2024-11-23T14:32:17Z 19.047429 47.511835 109.80
2024-11-23T14:32:22Z 19.047612 47.511879 109.80
2024-11-23T14:32:27Z 19.047725 47.511993 109.90
2024-11-23T14:32:32Z 19.047749 47.512122 109.90
2024-11-23T14:32:37Z 19.047821 47.512222 110.00
2024-11-23T14:32:42Z 19.047425 47.512417 110.20
2024-11-23T14:32:48Z 19.047453 47.512490 110.20
2024-11-23T14:32:53Z 19.047510 47.512536 110.20
2024-11-23T14:32:58Z 19.047572 47.512688 110.40
2024-11-23T14:33:03Z 19.047674 47.512895 110.80
2024-11-23T14:33:14Z 19.047725 47.512942 111.00
2024-11-23T14:33:20Z 19.047677 47.512985 110.30
2024-11-23T14:33:27Z 19.047740 47.512959 110.50
2024-11-23T14:33:32Z 19.047832 47.512987 111.30
2024-11-23T14:33:37Z 19.047769 47.512953 111.30
2024-11-23T14:33:43Z 19.047708 47.512930 111.20
2024-11-23T14:33:48Z 19.047784 47.512944 111.20
2024-11-23T14:33:53Z 19.047935 47.513059 112.00
2024-11-23T14:33:58Z 19.048076 47.513179 112.60
2024-11-23T14:34:13Z 19.048077 47.513134 112.50
2024-11-23T14:34:18Z 19.048185 47.513207 112.50
2024-11-23T14:34:23Z 19.048234 47.513247 112.30
2024-11-23T14:34:28Z 19.048171 47.513285 112.00
2024-11-23T14:34:33Z 19.048019 47.513318 111.50
2024-11-23T14:34:38Z 19.047691 47.513393 111.90
2024-11-23T14:34:43Z 19.047412 47.513485 112.10
2024-11-23T14:34:48Z 19.047204 47.513538 112.60
2024-11-23T14:34:53Z 19.047019 47.513631 113.10
2024-11-23T14:34:58Z 19.046818 47.513689 113.50
2024-11-23T14:35:03Z 19.046657 47.513749 113.80
2024-11-23T14:35:08Z 19.046472 47.513832 114.10
2024-11-23T14:35:13Z 19.046342 47.513871 114.30
2024-11-23T14:35:18Z 19.046185 47.513931 114.60
2024-11-23T14:35:23Z 19.046023 47.513989 114.90
2024-11-23T14:35:28Z 19.045853 47.514056 115.30
2024-11-23T14:35:33Z 19.045681 47.514093 115.50
2024-11-23T14:35:38Z 19.045503 47.514161 115.80
2024-11-23T14:35:43Z 19.045319 47.514220 116.10
2024-11-23T14:35:48Z 19.045185 47.514279 116.40
2024-11-23T14:35:53Z 19.045008 47.514339 116.70
2024-11-23T14:35:58Z 19.044867 47.514400 116.90
2024-11-23T14:36:03Z 19.044729 47.514414 117.10
2024-11-23T14:36:08Z 19.044563 47.514494 117.30
2024-11-23T14:36:13Z 19.044433 47.514557 117.40
2024-11-23T14:36:18Z 19.044224 47.514613 117.50
2024-11-23T14:36:23Z 19.044117 47.514661 117.60
2024-11-23T14:36:28Z 19.043971 47.514722 117.70
2024-11-23T14:36:33Z 19.043840 47.514772 117.70
2024-11-23T14:36:38Z 19.043655 47.514831 117.70
2024-11-23T14:36:43Z 19.043605 47.514892 117.40
2024-11-23T14:36:48Z 19.043645 47.514991 116.90
2024-11-23T14:36:53Z 19.043676 47.515097 116.50
2024-11-23T14:36:58Z 19.043702 47.515205 116.00
2024-11-23T14:37:03Z 19.043736 47.515306 115.50
2024-11-23T14:37:08Z 19.043762 47.515431 114.90
2024-11-23T14:37:13Z 19.043839 47.515527 114.40
2024-11-23T14:37:19Z 19.043885 47.515646 114.00
2024-11-23T14:37:24Z 19.043928 47.515748 113.50
2024-11-23T14:37:29Z 19.043972 47.515884 112.90
2024-11-23T14:37:34Z 19.044044 47.516007 112.30
2024-11-23T14:37:39Z 19.044024 47.516134 112.00
2024-11-23T14:37:44Z 19.044067 47.516235 111.60
2024-11-23T14:37:49Z 19.044093 47.516360 111.10
2024-11-23T14:37:54Z 19.044247 47.516381 109.20
2024-11-23T14:37:59Z 19.044334 47.516442 106.80
2024-11-23T14:38:04Z 19.044434 47.516504 103.80
2024-11-23T14:38:09Z 19.044530 47.516545 102.10
2024-11-23T14:38:14Z 19.044556 47.516667 101.60
2024-11-23T14:38:19Z 19.044649 47.516783 101.70
2024-11-23T14:38:24Z 19.044716 47.516901 101.70
2024-11-23T14:38:29Z 19.044797 47.517006 101.70
2024-11-23T14:38:34Z 19.044883 47.517093 101.60
2024-11-23T14:38:39Z 19.044928 47.517189 101.60
2024-11-23T14:38:44Z 19.045026 47.517298 101.60
2024-11-23T14:38:49Z 19.045097 47.517425 101.60
2024-11-23T14:38:54Z 19.045182 47.517530 101.60
2024-11-23T14:38:59Z 19.045210 47.517614 101.60
2024-11-23T14:39:04Z 19.045258 47.517701 101.60
2024-11-23T14:39:09Z 19.045351 47.517833 101.70
2024-11-23T14:39:14Z 19.045427 47.517945 101.70
2024-11-23T14:39:19Z 19.045512 47.518055 101.70
2024-11-23T14:39:25Z 19.045606 47.518172 101.70
2024-11-23T14:39:30Z 19.045685 47.518284 101.70
2024-11-23T14:39:35Z 19.045728 47.518373 101.70
2024-11-23T14:39:40Z 19.045837 47.518515 101.70
2024-11-23T14:39:45Z 19.045900 47.518634 101.70
2024-11-23T14:39:50Z 19.045963 47.518705 101.70
2024-11-23T14:39:55Z 19.046059 47.518823 101.60
2024-11-23T14:40:00Z 19.046156 47.518954 101.60
2024-11-23T14:40:05Z 19.046271 47.519059 101.50
2024-11-23T14:40:10Z 19.046347 47.519184 101.50
2024-11-23T14:40:15Z 19.046431 47.519307 101.50
2024-11-23T14:40:20Z 19.046504 47.519406 101.50
2024-11-23T14:40:25Z 19.046578 47.519530 101.60
2024-11-23T14:40:30Z 19.046679 47.519641 101.60
2024-11-23T14:40:35Z 19.046756 47.519747 101.60
2024-11-23T14:40:40Z 19.046837 47.519868 101.70
2024-11-23T14:40:45Z 19.046926 47.519963 101.70
2024-11-23T14:40:50Z 19.047001 47.520083 101.80
2024-11-23T14:40:55Z 19.047058 47.520188 101.80
2024-11-23T14:41:00Z 19.047122 47.520275 101.80
2024-11-23T14:41:05Z 19.047239 47.520401 101.90
2024-11-23T14:41:10Z 19.047286 47.520500 101.90
2024-11-23T14:41:15Z 19.047378 47.520620 102.00
2024-11-23T14:41:20Z 19.047470 47.520712 102.10
2024-11-23T14:41:25Z 19.047546 47.520823 102.10
2024-11-23T14:41:31Z 19.047635 47.520950 102.10
2024-11-23T14:41:36Z 19.047688 47.521051 102.00
2024-11-23T14:41:41Z 19.047768 47.521152 101.90
2024-11-23T14:41:46Z 19.047849 47.521286 101.90
2024-11-23T14:41:51Z 19.047934 47.521403 101.90
2024-11-23T14:41:56Z 19.048018 47.521503 102.00
2024-11-23T14:42:01Z 19.048095 47.521643 102.00
2024-11-23T14:42:06Z 19.048177 47.521740 102.10
2024-11-23T14:42:11Z 19.048234 47.521866 102.10
2024-11-23T14:42:16Z 19.048335 47.521966 102.20
2024-11-23T14:42:21Z 19.048404 47.522069 102.20
2024-11-23T14:42:26Z 19.048497 47.522187 102.20
2024-11-23T14:42:31Z 19.048549 47.522298 102.20
2024-11-23T14:42:36Z 19.048621 47.522417 102.10
2024-11-23T14:42:41Z 19.048664 47.522547 102.10
2024-11-23T14:42:46Z 19.048712 47.522640 102.10
2024-11-23T14:42:51Z 19.048800 47.522770 102.00
2024-11-23T14:42:56Z 19.048851 47.522882 102.00
2024-11-23T14:43:01Z 19.048962 47.522989 102.10
2024-11-23T14:43:06Z 19.049006 47.523097 102.10
2024-11-23T14:43:11Z 19.049076 47.523209 102.10
2024-11-23T14:43:16Z 19.049172 47.523310 102.10
2024-11-23T14:43:21Z 19.049214 47.523414 102.10
2024-11-23T14:43:26Z 19.049284 47.523534 102.10
2024-11-23T14:43:31Z 19.049351 47.523634 102.10
2024-11-23T14:43:36Z 19.049435 47.523750 102.00
2024-11-23T14:43:41Z 19.049551 47.523858 102.00
2024-11-23T14:43:46Z 19.049591 47.523951 102.10
2024-11-23T14:43:51Z 19.049635 47.524068 102.10
2024-11-23T14:43:56Z 19.049720 47.524185 102.10
2024-11-23T14:44:01Z 19.049787 47.524308 102.10
2024-11-23T14:44:06Z 19.049869 47.524433 102.10
2024-11-23T14:44:11Z 19.049954 47.524548 102.20
2024-11-23T14:44:16Z 19.050041 47.524653 102.20
2024-11-23T14:44:21Z 19.050055 47.524762 102.30
2024-11-23T14:44:26Z 19.050152 47.524879 102.30
2024-11-23T14:44:31Z 19.050204 47.525014 102.30
2024-11-23T14:44:36Z 19.050260 47.525109 102.30
2024-11-23T14:44:41Z 19.050325 47.525213 102.30
2024-11-23T14:44:46Z 19.050388 47.525326 102.30
2024-11-23T14:44:51Z 19.050470 47.525450 102.30
2024-11-23T14:44:56Z 19.050504 47.525553 102.30
2024-11-23T14:45:01Z 19.050568 47.525688 102.30
2024-11-23T14:45:06Z 19.050665 47.525795 102.30
2024-11-23T14:45:11Z 19.050646 47.525917 102.30
2024-11-23T14:45:16Z 19.050756 47.526046 102.30
2024-11-23T14:45:21Z 19.050824 47.526151 102.30
2024-11-23T14:45:26Z 19.050902 47.526277 102.30
2024-11-23T14:45:31Z 19.050961 47.526384 102.20
2024-11-23T14:45:36Z 19.050990 47.526479 102.20
2024-11-23T14:45:41Z 19.051033 47.526579 102.20
2024-11-23T14:45:46Z 19.051152 47.526704 102.20
2024-11-23T14:45:51Z 19.051204 47.526830 102.30
2024-11-23T14:45:56Z 19.051241 47.526906 102.40
2024-11-23T14:46:01Z 19.051289 47.527010 102.40
2024-11-23T14:46:06Z 19.051341 47.527112 102.40
2024-11-23T14:46:11Z 19.051410 47.527239 102.40
2024-11-23T14:46:16Z 19.051480 47.527365 102.40
2024-11-23T14:46:21Z 19.051512 47.527474 102.40
2024-11-23T14:46:26Z 19.051552 47.527554 102.40
2024-11-23T14:46:31Z 19.051607 47.527655 102.40
2024-11-23T14:46:36Z 19.051679 47.527769 102.40
2024-11-23T14:46:41Z 19.051710 47.527889 102.50
2024-11-23T14:46:46Z 19.051761 47.528025 102.50
2024-11-23T14:46:51Z 19.051814 47.528140 102.50
2024-11-23T14:46:56Z 19.051873 47.528276 102.50
2024-11-23T14:47:01Z 19.051924 47.528384 102.50
2024-11-23T14:47:06Z 19.051967 47.528520 102.60
2024-11-23T14:47:11Z 19.052048 47.528640 102.60
2024-11-23T14:47:16Z 19.052106 47.528780 102.60
2024-11-23T14:47:21Z 19.052164 47.528922 102.60
2024-11-23T14:47:26Z 19.052236 47.529070 102.60
2024-11-23T14:47:31Z 19.052293 47.529186 102.60
2024-11-23T14:47:36Z 19.052327 47.529316 102.50
2024-11-23T14:47:41Z 19.052388 47.529456 102.50
2024-11-23T14:47:46Z 19.052435 47.529570 102.50
2024-11-23T14:47:51Z 19.052472 47.529654 102.60
2024-11-23T14:47:56Z 19.052523 47.529786 102.60
2024-11-23T14:48:01Z 19.052560 47.529919 102.50
2024-11-23T14:48:06Z 19.052617 47.530082 102.50
2024-11-23T14:48:11Z 19.052638 47.530187 102.50
2024-11-23T14:48:16Z 19.052707 47.530320 102.50
2024-11-23T14:48:21Z 19.052755 47.530431 102.50
2024-11-23T14:48:26Z 19.052808 47.530553 102.50
2024-11-23T14:48:31Z 19.052854 47.530666 102.50
2024-11-23T14:48:36Z 19.052865 47.530790 102.50
2024-11-23T14:48:41Z 19.052915 47.530894 102.50
2024-11-23T14:48:46Z 19.052942 47.531015 102.50
2024-11-23T14:48:51Z 19.053034 47.531140 102.50
2024-11-23T14:48:56Z 19.053044 47.531247 102.50
2024-11-23T14:49:01Z 19.053101 47.531377 102.50
2024-11-23T14:49:06Z 19.053168 47.531478 102.50
2024-11-23T14:49:11Z 19.053181 47.531583 102.50
2024-11-23T14:49:16Z 19.053206 47.531704 102.50
2024-11-23T14:49:21Z 19.053247 47.531834 102.60
2024-11-23T14:49:26Z 19.053261 47.531951 102.60
2024-11-23T14:49:31Z 19.053291 47.532071 102.60
2024-11-23T14:49:36Z 19.053315 47.532175 102.60
2024-11-23T14:49:41Z 19.053360 47.532295 102.60
2024-11-23T14:49:46Z 19.053372 47.532411 102.60
2024-11-23T14:49:51Z 19.053434 47.532543 102.60
2024-11-23T14:49:56Z 19.053456 47.532636 102.70
2024-11-23T14:50:01Z 19.053494 47.532752 102.70
2024-11-23T14:50:06Z 19.053517 47.532867 102.70
2024-11-23T14:50:11Z 19.053561 47.533002 102.80
2024-11-23T14:50:16Z 19.053617 47.533130 102.80
2024-11-23T14:50:21Z 19.053650 47.533234 102.90
2024-11-23T14:50:26Z 19.053676 47.533364 102.90
2024-11-23T14:50:31Z 19.053694 47.533468 102.90
2024-11-23T14:50:36Z 19.053732 47.533593 102.90
2024-11-23T14:50:41Z 19.053763 47.533719 102.90
2024-11-23T14:50:46Z 19.053783 47.533847 102.90
2024-11-23T14:50:51Z 19.053818 47.533977 102.90
2024-11-23T14:50:56Z 19.053862 47.534090 102.90
2024-11-23T14:51:01Z 19.053859 47.534213 102.90
2024-11-23T14:51:06Z 19.053887 47.534322 102.90
2024-11-23T14:51:11Z 19.053911 47.534463 102.90
2024-11-23T14:51:16Z 19.053922 47.534566 102.90
2024-11-23T14:51:21Z 19.053954 47.534696 102.90
2024-11-23T14:51:26Z 19.053965 47.534830 102.90
2024-11-23T14:51:31Z 19.053978 47.534971 102.90
2024-11-23T14:51:36Z 19.053990 47.535084 103.00
2024-11-23T14:51:41Z 19.054014 47.535212 103.00
2024-11-23T14:51:46Z 19.054060 47.535349 103.00
2024-11-23T14:51:51Z 19.054067 47.535471 102.90
2024-11-23T14:51:56Z 19.054107 47.535564 102.90
2024-11-23T14:52:01Z 19.054127 47.535684 102.80
2024-11-23T14:52:06Z 19.054170 47.535802 102.80
2024-11-23T14:52:11Z 19.054175 47.535933 102.80
2024-11-23T14:52:16Z 19.054186 47.536056 102.90
2024-11-23T14:52:21Z 19.054236 47.536186 102.90
2024-11-23T14:52:26Z 19.054234 47.536303 102.80
2024-11-23T14:52:31Z 19.054243 47.536419 102.80
2024-11-23T14:52:36Z 19.054268 47.536541 102.80
2024-11-23T14:52:41Z 19.054283 47.536678 102.80
2024-11-23T14:52:46Z 19.054301 47.536790 102.90
2024-11-23T14:52:51Z 19.054301 47.536912 102.90
2024-11-23T14:52:56Z 19.054237 47.536959 103.00
2024-11-23T14:53:03Z 19.054167 47.536954 103.10
2024-11-23T14:53:08Z 19.054070 47.536977 103.30
2024-11-23T14:53:13Z 19.053961 47.536981 103.50
2024-11-23T14:53:24Z 19.053897 47.536996 103.60
2024-11-23T14:53:31Z 19.053828 47.537026 103.70
2024-11-23T14:53:36Z 19.053716 47.537035 103.90
2024-11-23T14:53:41Z 19.053618 47.537035 104.00
2024-11-23T14:53:47Z 19.053535 47.537034 105.40
2024-11-23T14:53:52Z 19.053443 47.537087 105.40
2024-11-23T14:53:57Z 19.053397 47.537124 105.30
2024-11-23T14:54:02Z 19.053347 47.537170 105.30
2024-11-23T14:54:18Z 19.053277 47.537180 103.60
2024-11-23T14:54:27Z 19.053267 47.537134 103.50
2024-11-23T14:54:32Z 19.053195 47.537066 103.30
2024-11-23T14:54:37Z 19.053121 47.537014 103.20
2024-11-23T14:54:50Z 19.053191 47.536987 103.10
2024-11-23T14:54:57Z 19.053180 47.536931 103.00
2024-11-23T14:55:23Z 19.053119 47.536953 102.90
2024-11-23T14:55:28Z 19.053066 47.536901 102.90
2024-11-23T14:55:33Z 19.052962 47.536794 102.90
2024-11-23T14:55:38Z 19.052857 47.536684 102.90
2024-11-23T14:55:43Z 19.052745 47.536556 102.90
2024-11-23T14:55:48Z 19.052689 47.536434 102.80
2024-11-23T14:55:53Z 19.052570 47.536325 102.80
2024-11-23T14:55:58Z 19.052482 47.536246 102.70
2024-11-23T14:56:03Z 19.052404 47.536135 102.70
2024-11-23T14:56:08Z 19.052302 47.536023 102.70
2024-11-23T14:56:13Z 19.052221 47.535938 102.70
2024-11-23T14:56:18Z 19.052121 47.535805 102.60
2024-11-23T14:56:23Z 19.052011 47.535679 102.60
2024-11-23T14:56:28Z 19.051890 47.535524 102.40
2024-11-23T14:56:33Z 19.051775 47.535436 102.40
2024-11-23T14:56:38Z 19.051686 47.535332 102.40
2024-11-23T14:56:43Z 19.051601 47.535212 102.30
2024-11-23T14:56:48Z 19.051558 47.535139 102.30
2024-11-23T14:56:53Z 19.051453 47.535047 102.30
2024-11-23T14:56:58Z 19.051370 47.534996 102.30
2024-11-23T14:57:03Z 19.051268 47.534918 102.30
2024-11-23T14:57:08Z 19.051170 47.534832 102.30
2024-11-23T14:57:13Z 19.051058 47.534739 102.30
2024-11-23T14:57:18Z 19.050949 47.534650 102.30
2024-11-23T14:57:23Z 19.050837 47.534542 102.30
2024-11-23T14:57:28Z 19.050746 47.534431 102.30
2024-11-23T14:57:33Z 19.050606 47.534328 102.30
2024-11-23T14:57:38Z 19.050508 47.534215 102.40
2024-11-23T14:57:43Z 19.050394 47.534100 102.40
2024-11-23T14:57:48Z 19.050304 47.534011 102.40
2024-11-23T14:57:53Z 19.050174 47.533913 102.40
2024-11-23T14:57:58Z 19.050090 47.533786 102.40
2024-11-23T14:58:03Z 19.049998 47.533704 102.30
2024-11-23T14:58:08Z 19.049899 47.533584 102.30
2024-11-23T14:58:13Z 19.049797 47.533478 102.40
2024-11-23T14:58:19Z 19.049708 47.533363 102.40
2024-11-23T14:58:24Z 19.049561 47.533265 102.40
2024-11-23T14:58:29Z 19.049461 47.533151 102.50
2024-11-23T14:58:34Z 19.049349 47.533052 102.50
2024-11-23T14:58:39Z 19.049242 47.532968 102.60
2024-11-23T14:58:44Z 19.049129 47.532852 102.60
2024-11-23T14:58:49Z 19.049025 47.532701 102.60
2024-11-23T14:58:54Z 19.048926 47.532594 102.60
2024-11-23T14:58:59Z 19.048822 47.532482 102.50
2024-11-23T14:59:04Z 19.048697 47.532386 102.50
2024-11-23T14:59:09Z 19.048575 47.532297 102.50
2024-11-23T14:59:14Z 19.048497 47.532167 102.50
2024-11-23T14:59:19Z 19.048387 47.532037 102.40
2024-11-23T14:59:24Z 19.048276 47.531949 102.30
2024-11-23T14:59:29Z 19.048178 47.531841 102.20
2024-11-23T14:59:34Z 19.048082 47.531727 102.20
2024-11-23T14:59:39Z 19.047987 47.531636 102.20
2024-11-23T14:59:44Z 19.047897 47.531547 102.20
2024-11-23T14:59:49Z 19.047789 47.531439 102.20
2024-11-23T14:59:54Z 19.047693 47.531321 102.20
2024-11-23T14:59:59Z 19.047607 47.531222 102.30
2024-11-23T15:00:04Z 19.047522 47.531105 102.30
2024-11-23T15:00:09Z 19.047450 47.530982 102.30
2024-11-23T15:00:14Z 19.047360 47.530864 102.30
2024-11-23T15:00:19Z 19.047238 47.530772 102.30
2024-11-23T15:00:24Z 19.047175 47.530664 102.20
2024-11-23T15:00:29Z 19.047062 47.530566 102.20
2024-11-23T15:00:34Z 19.046975 47.530464 102.20
2024-11-23T15:00:39Z 19.046896 47.530346 102.20
2024-11-23T15:00:44Z 19.046812 47.530231 102.20
2024-11-23T15:00:49Z 19.046687 47.530139 102.20
2024-11-23T15:00:54Z 19.046622 47.530027 102.20
2024-11-23T15:00:59Z 19.046583 47.529912 102.20
2024-11-23T15:01:04Z 19.046461 47.529823 102.20
2024-11-23T15:01:09Z 19.046431 47.529722 102.10
2024-11-23T15:01:14Z 19.046292 47.529624 102.10
2024-11-23T15:01:19Z 19.046255 47.529489 102.10
2024-11-23T15:01:24Z 19.046167 47.529398 102.10
2024-11-23T15:01:29Z 19.046098 47.529291 102.10
2024-11-23T15:01:34Z 19.046080 47.529190 102.10
2024-11-23T15:01:39Z 19.045965 47.529078 102.20
2024-11-23T15:01:44Z 19.045854 47.528978 102.20
2024-11-23T15:01:49Z 19.045752 47.528879 102.20
2024-11-23T15:01:54Z 19.045674 47.528760 102.20
2024-11-23T15:01:59Z 19.045588 47.528634 102.20
2024-11-23T15:02:04Z 19.045507 47.528527 102.20
2024-11-23T15:02:09Z 19.045450 47.528412 102.20
2024-11-23T15:02:14Z 19.045356 47.528294 102.20
2024-11-23T15:02:19Z 19.045290 47.528208 102.20
2024-11-23T15:02:24Z 19.045237 47.528085 102.20
2024-11-23T15:02:29Z 19.045166 47.527989 102.20
2024-11-23T15:02:34Z 19.045107 47.527933 102.20
2024-11-23T15:02:39Z 19.045041 47.527819 102.20
2024-11-23T15:02:44Z 19.044962 47.527695 102.20
2024-11-23T15:02:49Z 19.044875 47.527586 102.10
2024-11-23T15:02:54Z 19.044835 47.527500 102.10
2024-11-23T15:02:59Z 19.044751 47.527409 102.20
2024-11-23T15:03:04Z 19.044685 47.527299 102.20
2024-11-23T15:03:09Z 19.044643 47.527178 102.10
2024-11-23T15:03:14Z 19.044569 47.527064 102.10
2024-11-23T15:03:19Z 19.044492 47.526946 102.10
2024-11-23T15:03:24Z 19.044376 47.526836 102.10
2024-11-23T15:03:29Z 19.044294 47.526702 102.00
2024-11-23T15:03:34Z 19.044244 47.526547 102.00
2024-11-23T15:03:39Z 19.044196 47.526440 102.00
2024-11-23T15:03:44Z 19.044117 47.526341 102.00
2024-11-23T15:03:49Z 19.044052 47.526221 102.00
2024-11-23T15:03:54Z 19.043983 47.526101 102.00
2024-11-23T15:03:59Z 19.043938 47.525994 102.00
2024-11-23T15:04:04Z 19.043880 47.525883 101.90
2024-11-23T15:04:09Z 19.043812 47.525767 101.90
2024-11-23T15:04:14Z 19.043719 47.525666 101.90
2024-11-23T15:04:19Z 19.043690 47.525541 101.90
2024-11-23T15:04:24Z 19.043617 47.525433 101.90
2024-11-23T15:04:29Z 19.043542 47.525325 101.90
2024-11-23T15:04:34Z 19.043485 47.525212 101.90
2024-11-23T15:04:39Z 19.043395 47.525102 101.90
2024-11-23T15:04:44Z 19.043359 47.524967 101.80
2024-11-23T15:04:49Z 19.043291 47.524855 101.80
2024-11-23T15:04:54Z 19.043244 47.524748 101.80
2024-11-23T15:04:59Z 19.043202 47.524613 101.80
2024-11-23T15:05:04Z 19.043108 47.524504 101.90
2024-11-23T15:05:09Z 19.043063 47.524401 101.80
2024-11-23T15:05:14Z 19.043008 47.524272 101.80
2024-11-23T15:05:19Z 19.042977 47.524152 101.80
2024-11-23T15:05:24Z 19.042932 47.524056 101.80
2024-11-23T15:05:29Z 19.042892 47.523950 101.80
2024-11-23T15:05:34Z 19.042849 47.523868 101.90
2024-11-23T15:05:40Z 19.042795 47.523833 101.90
2024-11-23T15:05:45Z 19.042765 47.523772 101.80
2024-11-23T15:05:50Z 19.042693 47.523665 101.80
2024-11-23T15:05:55Z 19.042670 47.523511 101.80
2024-11-23T15:06:00Z 19.042580 47.523371 101.80
2024-11-23T15:06:05Z 19.042527 47.523259 101.70
2024-11-23T15:06:10Z 19.042485 47.523135 101.70
2024-11-23T15:06:15Z 19.042470 47.523032 101.70
2024-11-23T15:06:20Z 19.042415 47.522913 101.70
2024-11-23T15:06:25Z 19.042388 47.522806 101.70
2024-11-23T15:06:30Z 19.042357 47.522689 101.70
2024-11-23T15:06:35Z 19.042322 47.522573 101.80
2024-11-23T15:06:40Z 19.042303 47.522478 101.80
2024-11-23T15:06:45Z 19.042280 47.522346 101.80
2024-11-23T15:06:50Z 19.042270 47.522242 101.80
2024-11-23T15:06:55Z 19.042250 47.522113 101.80
2024-11-23T15:07:00Z 19.042234 47.522009 101.80
2024-11-23T15:07:05Z 19.042255 47.521872 101.80
2024-11-23T15:07:10Z 19.042203 47.521740 101.80
2024-11-23T15:07:15Z 19.042162 47.521624 101.80
2024-11-23T15:07:20Z 19.042137 47.521504 101.70
2024-11-23T15:07:25Z 19.042127 47.521385 101.70
2024-11-23T15:07:30Z 19.042096 47.521276 101.70
2024-11-23T15:07:35Z 19.042091 47.521160 101.70
2024-11-23T15:07:40Z 19.042100 47.521079 101.70
2024-11-23T15:07:45Z 19.042126 47.520983 101.70
2024-11-23T15:07:50Z 19.042078 47.520870 101.70
2024-11-23T15:07:55Z 19.042140 47.520772 101.70
2024-11-23T15:08:00Z 19.042113 47.520587 101.70
2024-11-23T15:08:05Z 19.042160 47.520450 101.60
2024-11-23T15:08:10Z 19.042223 47.520341 101.60
2024-11-23T15:08:15Z 19.042215 47.520198 101.50
2024-11-23T15:08:20Z 19.042214 47.520060 101.50
2024-11-23T15:08:25Z 19.042246 47.519906 101.60
2024-11-23T15:08:30Z 19.042243 47.519789 101.60
2024-11-23T15:08:35Z 19.042247 47.519680 101.60
2024-11-23T15:08:40Z 19.042260 47.519533 101.60
2024-11-23T15:08:45Z 19.042267 47.519426 101.70
2024-11-23T15:08:50Z 19.042265 47.519341 101.70
2024-11-23T15:08:55Z 19.042300 47.519220 101.70
2024-11-23T15:09:00Z 19.042339 47.519084 101.70
2024-11-23T15:09:05Z 19.042347 47.518922 101.70
2024-11-23T15:09:10Z 19.042377 47.518770 101.70
2024-11-23T15:09:15Z 19.042390 47.518627 101.70
2024-11-23T15:09:20Z 19.042412 47.518506 101.70
2024-11-23T15:09:25Z 19.042449 47.518392 101.80
2024-11-23T15:09:30Z 19.042486 47.518298 101.80
2024-11-23T15:09:35Z 19.042512 47.518191 101.90
2024-11-23T15:09:40Z 19.042555 47.518092 101.90
2024-11-23T15:09:45Z 19.042551 47.518008 101.90
2024-11-23T15:09:50Z 19.042618 47.517854 101.90
2024-11-23T15:09:55Z 19.042653 47.517717 101.90
2024-11-23T15:10:00Z 19.042625 47.517522 101.80
2024-11-23T15:10:05Z 19.042566 47.517359 101.80
2024-11-23T15:10:10Z 19.042705 47.517207 101.80
2024-11-23T15:10:15Z 19.042727 47.517017 101.80
2024-11-23T15:10:20Z 19.042919 47.516876 101.80
2024-11-23T15:10:25Z 19.042964 47.516732 101.80
2024-11-23T15:10:30Z 19.042971 47.516608 101.80
2024-11-23T15:10:35Z 19.043001 47.516493 101.80
2024-11-23T15:10:40Z 19.043050 47.516357 101.70
2024-11-23T15:10:45Z 19.043082 47.516231 101.60
2024-11-23T15:10:50Z 19.043128 47.516094 101.50
2024-11-23T15:10:55Z 19.043166 47.515974 101.50
2024-11-23T15:11:00Z 19.043198 47.515880 101.50
2024-11-23T15:11:05Z 19.043243 47.515759 101.40
2024-11-23T15:11:10Z 19.043261 47.515605 101.40
2024-11-23T15:11:15Z 19.043431 47.515496 101.30
2024-11-23T15:11:20Z 19.043580 47.515461 101.00
2024-11-23T15:11:25Z 19.043752 47.515436 100.90
2024-11-23T15:11:32Z 19.043825 47.515469 100.70
2024-11-23T15:11:37Z 19.043981 47.515535 100.40
2024-11-23T15:11:42Z 19.044096 47.515652 100.30
2024-11-23T15:11:47Z 19.044160 47.515803 100.40
2024-11-23T15:11:52Z 19.044242 47.515950 100.70
2024-11-23T15:11:57Z 19.044280 47.516067 101.00
2024-11-23T15:12:02Z 19.044320 47.516186 101.40
2024-11-23T15:12:07Z 19.044355 47.516297 101.60
2024-11-23T15:12:12Z 19.044391 47.516408 101.60
2024-11-23T15:12:17Z 19.044467 47.516518 101.60
2024-11-23T15:12:22Z 19.044450 47.516598 101.60
2024-11-23T15:12:27Z 19.044310 47.516599 103.40
2024-11-23T15:12:32Z 19.044338 47.516558 104.20
2024-11-23T15:12:40Z 19.044293 47.516515 106.40
2024-11-23T15:12:50Z 19.044255 47.516474 108.20
2024-11-23T15:12:56Z 19.044185 47.516460 109.50
2024-11-23T15:13:01Z 19.044129 47.516380 111.00
2024-11-23T15:13:06Z 19.044066 47.516281 111.40
2024-11-23T15:13:11Z 19.044034 47.516116 112.00
2024-11-23T15:13:16Z 19.043975 47.515991 112.40
2024-11-23T15:13:21Z 19.043943 47.515877 112.90
2024-11-23T15:13:26Z 19.043907 47.515742 113.60
2024-11-23T15:13:31Z 19.043834 47.515625 114.20
2024-11-23T15:13:36Z 19.043797 47.515470 114.70
2024-11-23T15:13:41Z 19.043763 47.515362 115.10
2024-11-23T15:13:46Z 19.043727 47.515250 115.50
2024-11-23T15:13:51Z 19.043682 47.515141 115.90
2024-11-23T15:13:56Z 19.043669 47.515043 116.30
2024-11-23T15:14:01Z 19.043631 47.514964 116.60
2024-11-23T15:14:06Z 19.043637 47.514887 116.90
2024-11-23T15:14:35Z 19.043586 47.514856 117.70
2024-11-23T15:14:40Z 19.043510 47.514754 116.90
2024-11-23T15:14:45Z 19.043536 47.514657 116.60
2024-11-23T15:14:50Z 19.043677 47.514596 117.90
2024-11-23T15:14:55Z 19.043820 47.514529 118.40
2024-11-23T15:15:00Z 19.043963 47.514462 118.40
2024-11-23T15:15:05Z 19.044128 47.514397 118.30
2024-11-23T15:15:10Z 19.044312 47.514341 118.20
2024-11-23T15:15:15Z 19.044517 47.514271 118.00
2024-11-23T15:15:20Z 19.044681 47.514208 117.80
2024-11-23T15:15:25Z 19.044814 47.514161 117.70
2024-11-23T15:15:30Z 19.044994 47.514114 117.40
2024-11-23T15:15:35Z 19.045128 47.514047 117.20
2024-11-23T15:15:40Z 19.045320 47.513977 116.90
2024-11-23T15:15:45Z 19.045484 47.513923 116.60
2024-11-23T15:15:50Z 19.045694 47.513861 116.20
2024-11-23T15:15:55Z 19.045856 47.513780 115.90
2024-11-23T15:16:00Z 19.046042 47.513737 115.50
2024-11-23T15:16:05Z 19.046199 47.513662 115.10
2024-11-23T15:16:10Z 19.046404 47.513602 114.70
2024-11-23T15:16:15Z 19.046558 47.513541 114.40
2024-11-23T15:16:20Z 19.046724 47.513459 114.10
2024-11-23T15:16:25Z 19.046924 47.513392 113.70
2024-11-23T15:16:30Z 19.047105 47.513355 113.30
2024-11-23T15:16:35Z 19.047287 47.513293 113.00
2024-11-23T15:16:40Z 19.047448 47.513212 112.60
2024-11-23T15:16:45Z 19.047635 47.513154 112.10
2024-11-23T15:16:50Z 19.047727 47.513035 111.30
2024-11-23T15:16:55Z 19.047736 47.512898 110.90
2024-11-23T15:17:00Z 19.047751 47.512791 110.80
2024-11-23T15:17:05Z 19.047793 47.512667 110.50
2024-11-23T15:17:10Z 19.047843 47.512542 110.30
2024-11-23T15:17:15Z 19.047722 47.512410 110.20
2024-11-23T15:17:20Z 19.047800 47.512276 110.10
2024-11-23T15:17:25Z 19.047777 47.512152 110.00
2024-11-23T15:17:30Z 19.047685 47.512034 110.00
2024-11-23T15:17:35Z 19.047659 47.511897 109.90
2024-11-23T15:17:40Z 19.047482 47.511821 109.80
2024-11-23T15:17:45Z 19.047304 47.511760 109.70
2024-11-23T15:17:50Z 19.047329 47.511815 109.70
2024-11-23T15:17:55Z 19.047177 47.511744 109.70
2024-11-23T15:18:00Z 19.047199 47.511638 109.60
2024-11-23T15:18:05Z 19.047261 47.511597 109.50
2024-11-23T15:18:10Z 19.047204 47.511342 109.50
2024-11-23T15:18:15Z 19.047210 47.511236 109.50
2024-11-23T15:18:20Z 19.047085 47.510888 109.50
2024-11-23T15:18:25Z 19.047063 47.510758 109.50
2024-11-23T15:18:30Z 19.047009 47.510598 109.50
2024-11-23T15:18:35Z 19.046996 47.510442 109.50
2024-11-23T15:18:40Z 19.046817 47.510324 109.60
2024-11-23T15:18:45Z 19.046774 47.510221 109.60
